1.785548145278345253e-02
1.954635954190258457e-02
2.123947701096701862e-02
2.194122112514974854e-02
2.196992740430856600e-02
2.177085538993077732e-02
2.157878317394576126e-02
2.144800435928844937e-02
2.135308474960151762e-02
2.126267816309870134e-02
2.116103963480803207e-02
2.104981396870997043e-02
2.093222968889596816e-02
2.081291006853669412e-02
2.069064513942500683e-02
2.056567593969602439e-02
2.043617448851808849e-02
2.030375419959690869e-02
2.016830216984908872e-02
2.003190410608415850e-02
1.989389201126125217e-02
1.975569586844444156e-02
1.961627345360520205e-02
1.947674054633695070e-02
1.933604205782513477e-02
1.919548671752115132e-02
1.905417428353036943e-02
1.891323266028364924e-02
1.877175427373684383e-02
1.863088446368600659e-02
1.848992090212738318e-02
1.834993389171232780e-02
1.821022417672593999e-02
1.807166430643383781e-02
1.793360654413266725e-02
1.779691130664840665e-02
1.766097090765387026e-02
1.752656764733947353e-02
1.739305875633557694e-02
1.726107166419851499e-02
1.713008406715372384e-02
1.700058697455121212e-02
1.687219327793532814e-02
1.674539450003452445e-02
1.661973435771382790e-02
1.649563655471013301e-02
1.637277548861428358e-02
1.625171204852703111e-02
1.613221114196939504e-02
1.601446564234175127e-02
1.589802027578393617e-02
1.578297105915636017e-02
1.566901299545885376e-02
1.555640820516374263e-02
1.544513214645773687e-02
1.533526464981853701e-02
1.522680008319468939e-02
1.511962287903188470e-02
1.501379492357992132e-02
1.490899094536863798e-02
1.480549473269235014e-02
1.470281293694593316e-02
1.460145874976497525e-02
1.450077231158885052e-02
1.440142666449973144e-02
1.430255508570879575e-02
1.420493949971305542e-02
1.410761973341279930e-02
1.401150008212290535e-02
1.391550823575266223e-02
1.382073126297492585e-02
1.372585915671179976e-02
1.363218838121254411e-02
1.353815927528581597e-02
1.344530277074646937e-02
1.335187769288541382e-02
1.325958288256864556e-02
1.316653295273409290e-02
1.307455806907260876e-02
1.298165012086176240e-02
1.288978597100089163e-02
1.279680437814206123e-02
1.270478641809962179e-02
1.261149512727308825e-02
1.251908140716898217e-02
1.242524647184069242e-02
1.233219539801621266e-02
1.223758553046708220e-02
1.214372835156987684e-02
1.204809844364750429e-02
1.195321082528863661e-02
1.185643426284907140e-02
1.176029612347175013e-02
1.166217187850212590e-02
1.156464990060624039e-02
1.146495215576604290e-02
1.136589184345036460e-02
1.126451793030317991e-02
1.116367300117358449e-02
1.106042618811935857e-02
1.095768646635422207e-02
1.085242041501993313e-02
1.074766061710563832e-02
1.064031493778428220e-02
1.053341477542333801e-02
1.042384068550248830e-02
1.031468911199324469e-02
1.020281916258080311e-02
1.009132674786436534e-02
9.977120925789156186e-03
9.863200544543836157e-03
9.746560941906432657e-03
9.630137624515859585e-03
9.510998530112210747e-03
9.392037582824926123e-03
9.270404531816784505e-03
9.148896718464392258e-03
9.024737528892405256e-03
8.900651349112990995e-03
8.773957127709605675e-03
8.647288151307568407e-03
8.518087678792186229e-03
8.388891407165428860e-03
8.257230211707758047e-03
8.125487115512903744e-03
7.991385198823733674e-03
7.857174102612378419e-03
7.720735171574741665e-03
7.584070430495977455e-03
7.445359239846740043e-03
7.306321661146308877e-03
7.165413509317883692e-03
7.024110705667363161e-03
6.881161120750638877e-03
6.737648476641562752e-03
6.592729819612035656e-03
6.447161804682303293e-03
6.300394339552975106e-03
6.152897800985934751e-03
6.004417509297258621e-03
5.855114506375205460e-03
5.705035020912279514e-03
5.554124778738475307e-03
5.402611097983312308e-03
5.250236584359933845e-03
5.097456448256724483e-03
4.943738192409318985e-03
4.789870900064613010e-03
4.634995098130748580e-03
4.480213158668689549e-03
4.324318965237836446e-03
4.168844370223292670e-03
4.012123054652921329e-03
3.856099984398290298e-03
3.698770111017679954e-03
3.542406293576151784e-03
3.384691492682197558e-03
3.228150910253300629e-03
3.070298331749961220e-03
2.913770733447723117e-03
2.755982222042748907e-03
2.599679541007439941e-03
2.442184163406631130e-03
2.286338947536642203e-03
2.129325838103446941e-03
1.974151334164229218e-03
1.817826476360420544e-03
1.663529293668086122e-03
1.508116950285913211e-03
1.354891928526171527e-03
1.200652907088869265e-03
1.048680884064519692e-03
8.958687178406601458e-04
7.453340815988006903e-04
5.941767566397169976e-04
4.452862737556956621e-04
2.959965683843565924e-04
1.489663310027633622e-04
1.742207165763748930e-06
-1.432173049265149270e-04
-2.881611743550216800e-04
-4.308615745324317144e-04
-5.732968905918702646e-04
-7.135538496210360859e-04
-8.532841078789554952e-04
-9.908898918693923637e-04
-1.127729024805399112e-03
-1.262497106288232133e-03
-1.396249732631191405e-03
-1.528000349135052310e-03
-1.658469757576340724e-03
-1.787055955574454267e-03
-1.914039605757990835e-03
-2.039305073233944887e-03
-2.162623510526648536e-03
-2.284420240244207888e-03
-2.403904172753698609e-03
-2.522073562889629549e-03
-2.637596518678481106e-03
-2.751930737363256045e-03
-2.863400627512517962e-03
-2.973756435197799381e-03
-3.081057778851652336e-03
-3.187283136817472239e-03
-3.290271363928198335e-03
-3.392280721844425934e-03
-3.490803645789010597e-03
-3.588504630528327639e-03
-3.682478415305901961e-03
-3.775730986623721669e-03
-3.865082957685188683e-03
-3.953778260168804709e-03
-4.038477236429715601e-03
-4.122474279295543394e-03
-4.202504395380826305e-03
-4.281672759338333786e-03
-4.356988871634174566e-03
-4.431297616010394444e-03
-4.501810100685911184e-03
-4.571224422374880331e-03
-4.636885755440169066e-03
-4.701371808520855497e-03
-4.762182091450789002e-03
-4.821661938444514461e-03
-4.877647714039565034e-03
-4.932072096774786987e-03
-4.983232195561988244e-03
-5.032611855834930037e-03
-5.078924987267861499e-03
-5.123262917477712682e-03
-5.164745674272297818e-03
-5.204024198416490506e-03
-5.240765677138219288e-03
-5.274977246469280887e-03
-5.307007740398870556e-03
-5.336238296849525956e-03
-5.363546605685840310e-03
-5.387844697020558599e-03
-5.410523361307010767e-03
-5.429906059596613203e-03
-5.447994797862557546e-03
-5.462641894765225305e-03
-5.476074234392613004e-03
-5.486094699894548954e-03
-5.495071081906775443e-03
-5.500394979378209204e-03
-5.505052220298629895e-03
-5.505882821062901833e-03
-5.506122389203805916e-03
-5.502717028653281855e-03
-5.498641691441171972e-03
-5.491024113994767350e-03
-5.482829472288387913e-03
-5.471104789914409995e-03
-5.458885122397576575e-03
-5.443270132936457034e-03
-5.427058478268234273e-03
-5.407736938743154184e-03
-5.387720916798051027e-03
-5.364760802277063895e-03
-5.341036215327971126e-03
-5.314771073621580438e-03
-5.287441147179959555e-03
-5.257899416011417928e-03
-5.227146412654681482e-03
-5.194611280944975637e-03
-5.160600862309032769e-03
-5.125113569414601125e-03
-5.088023122516455859e-03
-5.049902611443083875e-03
-5.009825783349819775e-03
-4.969123317242780426e-03
-4.926442111060932647e-03
-4.883425041413185647e-03
-4.838211214196141974e-03
-4.792959385257604746e-03
-4.745400463449806622e-03
-4.698199268839547971e-03
-4.648569768573216320e-03
-4.599491791586680575e-03
-4.547970587574003479e-03
-4.497196681063409841e-03
-4.444039967481730469e-03
-4.391706774737700637e-03
-4.337128793090923654e-03
-4.283372994047050103e-03
-4.227587199302819572e-03
-4.172709467082865581e-03
-4.115936245113691223e-03
-4.059919095358344859e-03
-4.002497613387384114e-03
-3.945572452590149874e-03
-3.887660640189035711e-03
-3.830121233522060329e-03
-3.771872690711619742e-03
-3.713836029839567322e-03
-3.655521173617555779e-03
-3.597078847154157669e-03
-3.538835265606362149e-03
-3.480302319835490345e-03
-3.422408614516887510e-03
-3.363964124631902124e-03
-3.306534116887381580e-03
-3.248333897937141692e-03
-3.191568667732580696e-03
-3.133930933313493379e-03
-3.077959810270825599e-03
-3.020923216472744255e-03
-2.965897261601018950e-03
-2.909771985741913675e-03
-2.855765840404830488e-03
-2.800820586827124092e-03
-2.747988946269884318e-03
-2.694368862338094965e-03
-2.642871923335363658e-03
-2.590693112412576458e-03
-2.540591593970154775e-03
-2.490176194418118084e-03
-2.441669047137122375e-03
-2.393067475217603574e-03
-2.346207618151597077e-03
-2.299752066637377867e-03
-2.254677184927315284e-03
-2.210418268225465728e-03
-2.167282273437497013e-03
-2.125340672216757820e-03
-2.084278894615776163e-03
-2.044854095273668758e-03
-2.005887083340040199e-03
-1.968994671432189314e-03
-1.932329831069477767e-03
-1.898123807067484065e-03
-1.863909863180189834e-03
-1.832426683650365765e-03
-1.800824547439120208e-03
-1.772086616726235592e-03
-1.743136112298159651e-03
-1.717164097348682908e-03
-1.691071237759155400e-03
-1.667990301670216856e-03
-1.644859421608447841e-03
-1.624585635690591317e-03
-1.604557288099753634e-03
-1.587144247892680960e-03
-1.570272724955983860e-03
-1.555791709657496340e-03
-1.542122682199744983e-03
-1.530500445146577111e-03
-1.520154698587604554e-03
-1.511434788524320793e-03
-1.504456869109296619e-03
-1.498666070052544338e-03
-1.494964215532063436e-03
-1.492188525312705856e-03
-1.491963608600945044e-03
-1.492237577439090458e-03
-1.495280613945951026e-03
-1.498589493085027927e-03
-1.504865737645843258e-03
-1.511297687274675960e-03
-1.520876344942622858e-03
-1.530477730345345538e-03
-1.543193984861163971e-03
-1.555883836192267864e-03
-1.571591280394628960e-03
-1.587451600064738056e-03
-1.606132438009842071e-03
-1.625203822066106354e-03
-1.646754041213279373e-03
-1.669063914483747335e-03
-1.693437247773510153e-03
-1.718878381794069956e-03
-1.746020053831176533e-03
-1.774626793551471347e-03
-1.804399597450127499e-03
-1.836075218632991866e-03
-1.868515655015912666e-03
-1.903134753286827999e-03
-1.938112484814329822e-03
-1.975594383924792787e-03
-2.013014622792721076e-03
-2.053246077730104795e-03
-2.093214577653185627e-03
-2.135956413739012287e-03
-2.178291656948141020e-03
-2.223414884949127812e-03
-2.268213954890618226e-03
-2.315580333402738819e-03
-2.362739921420113371e-03
-2.412186279702877370e-03
-2.461665914280794770e-03
-2.513000512257409710e-03
-2.564695979430800434e-03
-2.617816034612479789e-03
-2.671690823667711295e-03
-2.726442788980043552e-03
-2.782331424173613635e-03
-2.838560831027427817e-03
-2.896325725193269959e-03
-2.953948825388557492e-03
-3.013416129719623162e-03
-3.072339670566851498e-03
-3.133322521384469903e-03
-3.193436210707108029e-03
-3.255726167363109068e-03
-3.317005462779671395e-03
-3.380374885161030202e-03
-3.442735418085424940e-03
-3.507014457993890347e-03
-3.570396103676321854e-03
-3.635356263504533475e-03
-3.699637533993294872e-03
-3.765137944217857111e-03
-3.830260034021453451e-03
-3.896011047884899610e-03
-3.961830523518031395e-03
-4.027747067194781781e-03
-4.094150378965035093e-03
-4.160043635459288042e-03
-4.226801465837900021e-03
-4.292585397649512080e-03
-4.359515942083317178e-03
-4.425109496531841671e-03
-4.492057231312107310e-03
-4.557336833573127563e-03
-4.624027717360199193e-03
-4.688956493202733194e-03
-4.755193895467708237e-03
-4.819703025631403952e-03
-4.885302088087762132e-03
-4.949308766973508494e-03
-5.013978527822945605e-03
-5.077399128362271134e-03
-5.141002817815381806e-03
-5.203791613945725134e-03
-5.266149452237307849e-03
-5.328126836926802903e-03
-5.389113776991381020e-03
-5.450139317116011947e-03
-5.509629708862555722e-03
-5.569515039769460003e-03
-5.627446664978063423e-03
-5.686037002345737876e-03
-5.742387368497210015e-03
-5.799484993838281352e-03
-5.854160820076616603e-03
-5.909576305459292994e-03
-5.962579868368823865e-03
-6.016076410924338369e-03
-6.067359275479132161e-03
-6.118728562065392854e-03
-6.168280080556937800e-03
-6.217415890162709610e-03
-6.265155861514131418e-03
-6.311861420282396766e-03
-6.357711172850177145e-03
-6.401953502075105606e-03
-6.445786965984432425e-03
-6.487541349063629878e-03
-6.529209017369932977e-03
-6.568382739194068148e-03
-6.607779678664984710e-03
-6.644383358969665858e-03
-6.681337797655390390e-03
-6.715406824812060818e-03
-6.749735685424205003e-03
-6.781302000326800555e-03
-6.812836925906042007e-03
-6.841933351111327208e-03
-6.870541424063428444e-03
-6.897128509865475127e-03
-6.922723338660593043e-03
-6.946793739263785322e-03
-6.969275676025437488e-03
-6.990812398248719486e-03
-7.010186825764011705e-03
-7.029093797365867057e-03
-7.045373038988981054e-03
-7.061579144921214038e-03
-7.074799818859794746e-03
-7.088148997308502119e-03
-7.098421544877111036e-03
-7.108794315858164153e-03
-7.116189991182794890e-03
-7.123479622556492738e-03
-7.128088143846203484e-03
-7.132196754503305688e-03
-7.134074233615698632e-03
-7.134965811839863621e-03
-7.134163804556625105e-03
-7.131801231710913590e-03
-7.128337123663092134e-03
-7.122750531616470204e-03
-7.116611843543112215e-03
-7.107866988808728484e-03
-7.098998914598163290e-03
-7.087199624123540799e-03
-7.075549358961501570e-03
-7.060840028277085186e-03
-7.046299346645702386e-03
-7.028832853709229660e-03
-7.011343994852805780e-03
-6.991281249000719580e-03
-6.970786201095551318e-03
-6.948229729160326079e-03
-6.924734065384793164e-03
-6.899763362527730655e-03
-6.873312889363726239e-03
-6.846012197610331154e-03
-6.816680424029714427e-03
-6.787077091817698277e-03
-6.754967238108694830e-03
-6.723022158736423684e-03
-6.688327267471486787e-03
-6.654054278881813868e-03
-6.616941783107633743e-03
-6.580262074197497021e-03
-6.540959121411740740e-03
-6.501746521196824502e-03
-6.460476443426167031e-03
-6.418857417153729997e-03
-6.375693840958636047e-03
-6.331681418797064330e-03
-6.286780492492542900e-03
-6.240451893883577558e-03
-6.193875770118447040e-03
-6.145378324751691636e-03
-6.097201863881102080e-03
-6.046700792329453254e-03
-5.996871373296411983e-03
-5.944608737072622218e-03
-5.893110355123990993e-03
-5.839288084794095127e-03
-5.786139799187399457e-03
-5.731032074029441051e-03
-5.676192854423718452e-03
-5.619983924033102041e-03
-5.563518299872760239e-03
-5.506365740640921901e-03
-5.448368750158373228e-03
-5.390344518705159592e-03
-5.330944680228148769e-03
-5.272166024278979873e-03
-5.211564031138042792e-03
-5.152024384192138880e-03
-5.090467713843341638e-03
-5.030139759857324075e-03
-4.967897470217056896e-03
-4.906763871519573272e-03
-4.844055992086588117e-03
-4.782167527986264446e-03
-4.719206091109619944e-03
-4.656510940488249768e-03
-4.593523911283636622e-03
-4.530158190613536515e-03
-4.467251150474336324e-03
-4.403414703484194101e-03
-4.340606108046779314e-03
-4.276429549171983924e-03
-4.213772679465993196e-03
-4.149555658389432466e-03
-4.086997611719548479e-03
-4.022938536159464257e-03
-3.960490623446504162e-03
-3.896926009323067267e-03
-3.834516447181361871e-03
-3.771646226928240982e-03
-3.709357152769067294e-03
-3.647289899986829158e-03
-3.585219003508292347e-03
-3.524100630539765428e-03
-3.462400035586075779e-03
-3.402272288419883484e-03
-3.341130076015442953e-03
-3.281963475049182004e-03
-3.221594161111442263e-03
-3.163283773517041458e-03
-3.103970605339758954e-03
-3.046532767611197495e-03
-2.988517732063521344e-03
-2.931903608898220933e-03
-2.875399585822701384e-03
-2.819686221359469884e-03
-2.764799201443748911e-03
-2.710026743783728112e-03
-2.656823008172606686e-03
-2.603172322161936402e-03
-2.551648020257391361e-03
-2.499323282559606264e-03
-2.449386117781345885e-03
-2.398618491481494322e-03
-2.350168776966623553e-03
-2.301211107270339368e-03
-2.254218035742861469e-03
-2.207232229216154248e-03
-2.161625168662727366e-03
-2.116776411529569871e-03
-2.072614005472406349e-03
-2.029954096306753417e-03
-1.987316818003481179e-03
-1.946834558116766496e-03
-1.905925509047845913e-03
-1.867546383227072565e-03
-1.828545139218769973e-03
-1.792147724225097872e-03
-1.755260269941649786e-03
-1.720716320650647699e-03
-1.686164603170664002e-03
-1.653401654024916562e-03
-1.621301423792040862e-03
-1.590257239464455729e-03
-1.560686030389694598e-03
-1.531432849931185650e-03
-1.504331852394077441e-03
-1.477010513917560372e-03
-1.452285512479621231e-03
-1.427048692559478504e-03
-1.404546304824013910e-03
-1.381613684046378637e-03
-1.361174009028270470e-03
-1.340701814078093480e-03
-1.322209576082794720e-03
-1.304329424916268743e-03
-1.287675450211187185e-03
-1.272452180179617191e-03
-1.257634729525690821e-03
-1.244956578013366741e-03
-1.232109445779249347e-03
-1.221852521673016684e-03
-1.211115649185526754e-03
-1.203101668580805125e-03
-1.194653234590468309e-03
-1.188702020381856390e-03
-1.182672165635111593e-03
-1.178580073566071673e-03
-1.175097454303491475e-03
-1.172788101452575636e-03
-1.171843920372180482e-03
-1.171275335239779130e-03
-1.172814444685876117e-03
-1.174071461173908145e-03
-1.177859905450527123e-03
-1.181066339442522197e-03
-1.186947415785913340e-03
-1.192276297901107788e-03
-1.199944042269203643e-03
-1.207506254797390769e-03
-1.216783376601933376e-03
-1.226661963070368663e-03
-1.237416671840916530e-03
-1.249557241789462682e-03
-1.261806726515799643e-03
-1.276105653912095080e-03
-1.289860543579049923e-03
-1.306074152546115013e-03
-1.321501271088354338e-03
-1.339372686387443109e-03
-1.356591841564545788e-03
-1.375842783357953975e-03
-1.394983247302605074e-03
-1.415394349727559786e-03
-1.436457077256034177e-03
-1.457961184544045432e-03
-1.480879350109504371e-03
-1.503423905669930370e-03
-1.527974715772796805e-03
-1.551666029421838169e-03
-1.577633824199661588e-03
-1.602587329510120513e-03
-1.629612821527417609e-03
-1.655958563768909503e-03
-1.683860771023049140e-03
-1.711686099518967309e-03
-1.740221411899482750e-03
-1.769454949500267639e-03
-1.798484584644245493e-03
-1.829015745069678938e-03
-1.858654128515405731e-03
-1.890216016529072066e-03
-1.920517900133908657e-03
-1.952826777524119478e-03
-1.983973906418512283e-03
-2.016710105365422667e-03
-2.048784096712138840e-03
-2.081712335347866549e-03
-2.114735205313032166e-03
-2.147687493662484275e-03
-2.181552227432604230e-03
-2.214519138486834276e-03
-2.249026128139966843e-03
-2.282110896515858901e-03
-2.316939784331979203e-03
-2.350220016498357455e-03
-2.385031189727525921e-03
-2.418686560387170448e-03
-2.453212102181009935e-03
-2.487294818907817995e-03
-2.521356504582689204e-03
-2.555808937659847461e-03
-2.589363882478399725e-03
-2.624036670116059594e-03
-2.657112190315072398e-03
-2.691673732229264964e-03
-2.724442310078785227e-03
-2.758585202813838236e-03
-2.791175938530413014e-03
-2.824595652388123615e-03
-2.857112377705758790e-03
-2.889602540177885290e-03
-2.922044744004529369e-03
-2.953502436259031715e-03
-2.985713094894849873e-03
-3.016184824939369298e-03
-3.047893113972187894e-03
-3.077546020396494837e-03
-3.108414538304032308e-03
-3.137427649797268001e-03
-3.167157904133909106e-03
-3.195663312016733260e-03
-3.224024509752727689e-03
-3.252040886975724084e-03
-3.278927057118253760e-03
-3.306312447499678859e-03
-3.331809702582014081e-03
-3.358297486217967035e-03
-3.382562949491747361e-03
-3.407862075112866665e-03
-3.431093730072464799e-03
-3.454896456793333463e-03
-3.477270617899620980e-03
-3.499333431708314367e-03
-3.520844116500436438e-03
-3.541106110376610223e-03
-3.561693085300968870e-03
-3.580224633631398558e-03
-3.599643444166746378e-03
-3.616672228012778392e-03
-3.634574618114252281e-03
-3.650285247177406656e-03
-3.666371961395503004e-03
-3.680941758583497307e-03
-3.695013436302729652e-03
-3.708499659615832091e-03
-3.720532761591937437e-03
-3.732824819768003951e-03
-3.742910869989931992e-03
-3.753796320700552702e-03
-3.762168888449334263e-03
-3.771320860527558813e-03
-3.778261632582089781e-03
-3.785389121877327789e-03
-3.791079997744480935e-03
-3.796042440336952137e-03
-3.800500755171181723e-03
-3.803286186350765020e-03
-3.806395002373607131e-03
-3.807137955241919787e-03
-3.808682683103430458e-03
-3.807678952207858240e-03
-3.807318361115359911e-03
-3.804831719590298644e-03
-3.802325498036909952e-03
-3.798572929416531210e-03
-3.793812884096559989e-03
-3.788788119592834732e-03
-3.781836996043590714e-03
-3.775411088160033311e-03
-3.766508641384586076e-03
-3.758404917984464397e-03
-3.747846032873909314e-03
-3.737789294598875718e-03
-3.725845952170905688e-03
-3.713608783001351877e-03
-3.700475077393285302e-03
-3.686022895978940950e-03
-3.671658494743482246e-03
-3.655148672448980604e-03
-3.639385854025747446e-03
-3.621122079468856898e-03
-3.603690897657221229e-03
-3.584004246628475030e-03
-3.564591171916988224e-03
-3.543758691584134295e-03
-3.522277999860482477e-03
-3.500403425985522919e-03
-3.476896610203861551e-03
-3.453901163241039282e-03
-3.428611513341143276e-03
-3.404268599033818867e-03
-3.377552024884564706e-03
-3.351581355290716296e-03
-3.323781195451698707e-03
-3.295965626996777940e-03
-3.267324333768494883e-03
-3.237616586603456366e-03
-3.208134900348071344e-03
-3.176712881629606931e-03
-3.146239974563235561e-03
-3.113459958100855442e-03
-3.081719211137575430e-03
-3.047949644938352173e-03
-3.014683772108948598e-03
-2.980260841410255039e-03
-2.945351531709446569e-03
-2.910391881376199908e-03
-2.873956076241137095e-03
-2.838366925948290851e-03
-2.800672897921834253e-03
-2.764210113142552203e-03
-2.725687949200838664e-03
-2.688067442983897541e-03
-2.649068351836084221e-03
-2.610125405178048263e-03
-2.570862562180086484e-03
-2.530608457811176285e-03
-2.491094061688230166e-03
-2.449775458191345064e-03
-2.409791824333482220e-03
-2.367814217448507320e-03
-2.327075822978640594e-03
-2.284843337067977639e-03
-2.243133550652067366e-03
-2.200940394294372514e-03
-2.158208275356066942e-03
-2.116103627607554723e-03
-2.072542967745834991e-03
-2.030382513926478043e-03
-1.986361392143855004e-03
-1.943858019566281452e-03
-1.899823685595279687e-03
-1.856689355256617435e-03
-1.812972923060394547e-03
-1.769125596938396147e-03
-1.725870076939394534e-03
-1.681452051701228748e-03
-1.638491387440817659e-03
-1.593875121219993484e-03
-1.550952706194942557e-03
-1.506547137141241079e-03
-1.463377054879779187e-03
-1.419603895741737695e-03
-1.376008038320836483e-03
-1.332981267788482804e-03
-1.289121156968094616e-03
-1.246772940086707205e-03
-1.202933683995820483e-03
-1.160984721869948904e-03
-1.117646396925709015e-03
-1.075762525762531674e-03
-1.033305436465890978e-03
-9.913248560889686197e-04
-9.499388244668283566e-04
-9.079246858789765014e-04
-8.675374722790585649e-04
-8.258247592441114423e-04
-7.861300855958495374e-04
-7.451491298131461983e-04
-7.058271937614038569e-04
-6.660109585595293605e-04
-6.268249448298235382e-04
-5.883494101173798903e-04
-5.494159931307449974e-04
-5.122013848645592731e-04
-4.737763037445201215e-04
-4.375205943040692260e-04
-4.001005746743797192e-04
-3.644289415403245214e-04
-3.284088369918924380e-04
-2.931281597315667621e-04
-2.586832020906434308e-04
-2.238494467461926425e-04
-1.908733677224514879e-04
-1.567894011854581513e-04
-1.249727258630345503e-04
-9.210626218345669639e-05
-6.105026420329061321e-05
-2.979953766593684177e-05
7.046651497597867554e-07
3.018705688865902688e-05
6.006582825822439080e-05
8.790462352234679547e-05
1.168235977754085756e-04
1.434148116775687642e-04
1.709056017178734485e-04
1.966057334667770660e-04
2.223030254722529987e-04
2.473574594029883853e-04
2.711373358173162999e-04
2.954203921272279465e-04
3.175258794007592778e-04
3.406665545243277630e-04
3.614544161093233613e-04
3.829977760308612544e-04
4.028780490692035216e-04
4.224786625025012121e-04
4.416236603644104353e-04
4.592438050875401667e-04
4.774904609047192407e-04
4.934081470377268052e-04
5.103776135091275161e-04
5.250488127701481321e-04
5.402554080754598271e-04
5.540412344918599742e-04
5.672447321202545630e-04
5.802720603865902087e-04
5.914900241171666684e-04
6.035249057242721973e-04
6.131345008733655576e-04
6.237392025713979146e-04
6.322108413735830212e-04
6.409578832941749404e-04
6.486316467491319961e-04
6.553337824530391237e-04
6.622369870218617781e-04
6.670851880998243319e-04
6.729150941582147036e-04
6.763308514653705930e-04
6.806242749441265014e-04
6.830808668218187225e-04
6.854593165842214281e-04
6.872222549295588278e-04
6.876262127340679840e-04
6.886407043462012840e-04
6.873909269488516233e-04
6.872575898787195835e-04
6.848601283381413555e-04
6.831087265874953357e-04
6.799877073427351183e-04
6.763364573469008399e-04
6.726586481857264703e-04
6.672176373450059870e-04
6.627375788195262116e-04
6.559304477011210655e-04
6.502140324098359698e-04
6.425744405891929819e-04
6.352048568851273056e-04
6.271034416682182231e-04
6.179663556471402764e-04
6.093675747805721863e-04
5.987152221196735550e-04
5.892926292196845432e-04
5.776534396775526332e-04
5.669107870076004786e-04
5.548067818358860988e-04
5.424473050454272239e-04
5.301008796305767485e-04
5.162166385827193695e-04
5.034214480506642685e-04
4.884347580224997426e-04
4.747295874203072896e-04
4.592318170291307604e-04
4.441853427335479667e-04
4.285560025107475451e-04
4.120265577440010646e-04
3.962520667208087690e-04
3.785587200093981620e-04
3.622719466424909052e-04
3.439733670377705327e-04
3.266990420741502183e-04
3.083362611922894057e-04
2.897778505593788566e-04
2.715322799713160433e-04
2.518208426359795854e-04
2.334719341147315982e-04
2.130834676139173474e-04
1.941045725894138276e-04
1.736688525852061885e-04
1.536722824549100353e-04
1.335273835225510763e-04
1.124430262618232899e-04
9.252578611108047267e-05
7.076866414477717571e-05
5.062486203651536654e-05
2.878352070506126826e-05
7.920702763718006321e-06
-1.349965086190191819e-05
-3.528545400534232527e-05
-5.620779671239535590e-05
-7.866585223987714601e-05
-9.943260814228381105e-05
-1.219892898933952593e-04
-1.431548319394489632e-04
-1.652127113013165699e-04
-1.870969180241319587e-04
-2.084383017979387709e-04
-2.309344860291977859e-04
-2.517927656455356102e-04
-2.743843910272038018e-04
-2.952777299721811568e-04
-3.173373436745116475e-04
-3.387193306373104660e-04
-3.598659686376487260e-04
-3.817734785863241814e-04
-4.021457746189657247e-04
-4.241423507967423141e-04
-4.442421197883080364e-04
-4.656646460078083015e-04
-4.860167131836936640e-04
-5.064044802691621255e-04
-5.271575906030711092e-04
-5.465269069325081296e-04
-5.673376385378496633e-04
-5.861377738268947358e-04
-6.063569744760733543e-04
-6.251840665973745163e-04
-6.442665110864176543e-04
-6.633559250864374873e-04
-6.812233089134495144e-04
-7.003340343290003021e-04
-7.173954912670156862e-04
-7.359011673427522451e-04
-7.527424215983946881e-04
-7.700310559748955227e-04
-7.870186379964279376e-04
-8.029205452163726362e-04
-8.198875104097046737e-04
-8.347814497625637153e-04
-8.511068885725877079e-04
-8.655914462067373309e-04
-8.806578811179942897e-04
-8.951839306640395648e-04
-9.087501572328846424e-04
-9.232033750318861245e-04
-9.355696538300976211e-04
-9.493572105295472029e-04
-9.611891312176212843e-04
-9.736672323721392176e-04
-9.854210201520527661e-04
-9.963045960114476005e-04
-1.007929140999794162e-03
-1.017489695431088477e-03
-1.028437077415881532e-03
-1.037337988111782005e-03
-1.046942583397487579e-03
-1.055692662404265122e-03
-1.063644005353945677e-03
-1.072261169751393631e-03
-1.078820134887559321e-03
-1.086746695333533786e-03
-1.092564047932180872e-03
-1.099116044994781580e-03
-1.104745023583686078e-03
-1.109570278889944819e-03
-1.115031020196005076e-03
-1.118411903071703066e-03
-1.123154410385008434e-03
-1.125775035337103986e-03
-1.129106461173555670e-03
-1.131523901456966529e-03
-1.133120760981231635e-03
-1.135369282852670544e-03
-1.135516459251039801e-03
-1.137035155215999774e-03
-1.136443482697261720e-03
-1.136530913173983441e-03
-1.135764779889840252e-03
-1.134095970659177496e-03
-1.133171122201827308e-03
-1.130098934520202929e-03
-1.128411394155681138e-03
-1.124680300789461995e-03
-1.121535411404163667e-03
-1.117680237753518931e-03
-1.112811038738851545e-03
-1.108802987476214391e-03
-1.102618517648378677e-03
-1.097830377138467751e-03
-1.091100138482205099e-03
-1.084831519698666123e-03
-1.078066952205657993e-03
-1.070137479872159021e-03
-1.063219679324749027e-03
-1.054106731691115866e-03
-1.046369189492768817e-03
-1.036850192461753317e-03
-1.027636236954805127e-03
-1.018177865624059946e-03
-1.007377549657940746e-03
-9.977762099096115257e-04
-9.859653202636477383e-04
-9.754898814592639347e-04
-9.634645958819175156e-04
-9.515212386356726232e-04
-9.396601779120632679e-04
-9.262605426583060252e-04
-9.142436877811479200e-04
-9.000422183720883018e-04
-8.870859314206252198e-04
-8.728918566863781833e-04
-8.584831950929099802e-04
-8.445495345862995924e-04
-8.288643407932923604e-04
-8.147084155616651910e-04
-7.984967201078126738e-04
-7.833512521509320261e-04
-7.673720508754003529e-04
-7.508317373144118715e-04
-7.351693609000157451e-04
-7.175852184459746014e-04
-7.016384183348494882e-04
-6.838604233028685621e-04
-6.668371017045254291e-04
-6.494797360250858295e-04
-6.311790668682350659e-04
-6.141462843887463691e-04
-5.951050499840165615e-04
-5.776644825269836242e-04
-5.587534147536840287e-04
-5.402151001864209309e-04
-5.219041940985290340e-04
-5.022699293748762771e-04
-4.842299676190616733e-04
-4.642143664456661943e-04
-4.456337986744894663e-04
-4.260843956644407406e-04
-4.064097228684880950e-04
-3.875521294125664840e-04
-3.670485979481745084e-04
-3.483385335767679044e-04
-3.278621657517484262e-04
-3.084711013198335400e-04
-2.887399831292211411e-04
-2.683395586797959276e-04
-2.493216936115046512e-04
-2.284549625182937514e-04
-2.093843289602820420e-04
-1.889712171190149502e-04
-1.691043939676755120e-04
-1.496452687784873220e-04
-1.289912100262599593e-04
-1.101220126256985014e-04
-8.942739535520364928e-05
-7.028959334626520492e-05
-5.045304714517445557e-05
-3.049289361064396972e-05
-1.167652583759108199e-05
8.750275002616513410e-06
2.720413184561242296e-05
4.716699308743914853e-05
6.612133159214988272e-05
8.494126957105926695e-05
1.045786289370404014e-04
1.224788028787126529e-04
1.421298933191002321e-04
1.599671713705051702e-04
1.786800686370241956e-04
1.971315880696426445e-04
2.145928390877513154e-04
2.334443373144977547e-04
2.502301601112908109e-04
2.685569613868119378e-04
2.856053165839954290e-04
3.026516674641025156e-04
3.202702547759558069e-04
3.361485053917576669e-04
3.537072885890633249e-04
3.693028980624268962e-04
3.858071473813112578e-04
4.018768981155979090e-04
4.169477334593816946e-04
4.333108083073992142e-04
4.475474061135634217e-04
4.632721271961249762e-04
4.776256520851668102e-04
4.919265504348645235e-04
5.067383939683956255e-04
5.197366927804652906e-04
5.343754849439677056e-04
5.470034538063201120e-04
5.604306679682182803e-04
5.734493148164960781e-04
5.853318298968290161e-04
5.985304681558891674e-04
6.095191500690650202e-04
6.218995896821646191e-04
6.329916399446850915e-04
6.437964954798161121e-04
6.552610060499212789e-04
6.647448425797551977e-04
6.758445405342934208e-04
6.850120889496226582e-04
6.947194307600100191e-04
7.042671772260767618e-04
7.123833145934715255e-04
7.219437928968786434e-04
7.292806865623721775e-04
7.377954328108532033e-04
7.453146684439840427e-04
7.521545190547693216e-04
7.599625466626653159e-04
7.655935326949640535e-04
7.727640931740088759e-04
7.782638627607167767e-04
7.838684097885074455e-04
7.897712640882502758e-04
7.938560703214391119e-04
7.995352214973515826e-04
8.031119128614926843e-04
8.074785402570295798e-04
8.114075738813120381e-04
8.140951229249774115e-04
8.181387284831493929e-04
8.199234359682864995e-04
8.230146132270539389e-04
8.249765652418783110e-04
8.263730633862275115e-04
8.286818474844874841e-04
8.288345051573511434e-04
8.305800302030726069e-04
8.306409418598410983e-04
8.308213418911369625e-04
8.313633452091959749e-04
8.300719004977276426e-04
8.304211474118500030e-04
8.287251475115254467e-04
8.277567020959526864e-04
8.265315836366891400e-04
8.239488579470243164e-04
8.228695312731899901e-04
8.195702893008642315e-04
8.174870635376874691e-04
8.145709763115768602e-04
8.108333239051324862e-04
8.083120440110249088e-04
8.035906827330180921e-04
8.004065019582616656e-04
7.959011290529308938e-04
7.911442388528377090e-04
7.872130826147030963e-04
7.812512175602690130e-04
7.769979469689375926e-04
7.710512552758131029e-04
7.653982323725607882e-04
7.601270501467660614e-04
7.531017730913880511e-04
7.478234212643277822e-04
7.405891060671081607e-04
7.341230201283882595e-04
7.276060731654465739e-04
7.196900640601154369e-04
7.134594755322634695e-04
7.051376690628063460e-04
6.979612740101325983e-04
6.903256549542179099e-04
6.816921578849674881e-04
6.745869847833074404e-04
6.653466665799557655e-04
6.575615407147857461e-04
6.489533330493227857e-04
6.397378753096191967e-04
6.318591802247829287e-04
6.218852194224325615e-04
6.135868323746904987e-04
6.041726951830088573e-04
5.945213854159255018e-04
5.859901925252320766e-04
5.754787002814513519e-04
5.667816965500227728e-04
5.567263247047368486e-04
5.467874955694293189e-04
5.377327914169147171e-04
5.268249789953550078e-04
5.178430990858745239e-04
5.073224402952314187e-04
4.972078317378561584e-04
4.877865046848330229e-04
4.766682583891294531e-04
4.675135401399352960e-04
4.567065997423662036e-04
4.465641539841596133e-04
4.369156495764755762e-04
4.257347662924410004e-04
4.165504307814126179e-04
4.056169417992541715e-04
3.955602631475684471e-04
3.858480623179324945e-04
3.747348841854071760e-04
3.656355255656310054e-04
3.547352198935491271e-04
3.448678307200529715e-04
3.352450252684457217e-04
3.243433450494516250e-04
3.154519914796590743e-04
3.047435818878041686e-04
2.951964757087031802e-04
2.858171639373487810e-04
2.752519275357611533e-04
2.667049324858620585e-04
2.563348451332682072e-04
2.472075428259030354e-04
2.382037754073569580e-04
2.280755285712294568e-04
2.199955732926941435e-04
2.100911117940257289e-04
2.014674968472445946e-04
1.929894191255347529e-04
1.834070379299264939e-04
1.758881710056634808e-04
1.665742285195613548e-04
1.585543084699104089e-04
1.507179296876286125e-04
1.417669304999036751e-04
1.349290891907044591e-04
1.263192935788967695e-04
1.189707151776728283e-04
1.119095157571733403e-04
1.036752259048750736e-04
9.759710384439455747e-05
8.980143447447437230e-05
8.318327802772109130e-05
7.698899412604777372e-05
6.954667611775576421e-05
6.430614892830083436e-05
5.742289643061599660e-05
5.159858628568090205e-05
4.636924644714229165e-05
3.977851535356530775e-05
3.542985343081720220e-05
2.953728724087436455e-05
2.453525868255838042e-05
2.035057298573020949e-05
1.466835646734176486e-05
1.125294218918531378e-05
6.442457992344045111e-06
2.288468462738560568e-06
-7.935202337237897850e-07
-5.514604721919351112e-06
-7.985654663199426301e-06
-1.164663567589221743e-05
-1.494229234633199122e-05
-1.688173710180310020e-05
-2.058278472406524585e-05
-2.211066030443733149e-05
-2.455468480019221513e-05
-2.697520576477599805e-05
-2.776033843037637979e-05
-3.039684237758155669e-05
-3.100347180356795594e-05
-3.218906245183482731e-05
-3.374382176374660092e-05
-3.338528349361192675e-05
-3.490565313238620641e-05
-3.464142187623618435e-05
-3.453902081294820986e-05
-3.522569790979615978e-05
-3.377348252740269483e-05
-3.413542630632446071e-05
-3.306579640627566703e-05
-3.166998981495977019e-05
-3.147598178304381229e-05
-2.900147443027245478e-05
-2.815057792358139998e-05
-2.633706440736990179e-05
-2.367165821257554990e-05
-2.257573435993540339e-05
-1.918620958028917093e-05
-1.708134854786805235e-05
-1.458825415460090558e-05
-1.072496358566198691e-05
-8.693986089390812470e-06
-4.518606753695565313e-06
-1.142540778591418708e-06
1.976747598954425010e-06
6.939027465837041314e-06
9.963121143936129475e-06
1.476627619032694350e-05
1.939642252350883808e-05
2.312296473473921129e-05
2.902479392832997811e-05
3.309337331942180643e-05
3.838067137648546796e-05
4.421917317111266073e-05
4.856520256523594054e-05
5.520322300856583060e-05
6.038710024439758407e-05
6.604369079955908013e-05
7.297135367965293710e-05
7.800707058871388382e-05
8.515893059965804314e-05
9.147700309611568137e-05
9.742212304678835152e-05
1.052447240019083901e-04
1.110569576460602179e-04
1.184913824407113434e-04
1.259218359694060877e-04
1.321559625921774734e-04
1.406143201004085878e-04
1.473094098133812912e-04
1.548283497626985424e-04
1.632492297702703237e-04
1.698462067931629156e-04
1.786342379189389423e-04
1.862908829647847635e-04
1.937747822579386197e-04
2.029567575333673197e-04
2.100578826863444657e-04
2.188594094086754316e-04
2.274618672303345109e-04
2.349085632846403750e-04
2.445298266042554786e-04
2.522920119936607739e-04
2.608571983324480393e-04
2.702828444464561728e-04
2.778067001312050895e-04
2.874737061405068569e-04
2.960211443308265232e-04
3.042244326838549110e-04
3.141910653504034886e-04
3.220086524477225689e-04
3.313466380024727878e-04
3.406813942639571073e-04
3.485686551310874549e-04
3.586499331318978700e-04
3.669933522001336151e-04
3.757387547170978719e-04
3.856600549958102237e-04
3.934587505224357165e-04
4.031943962899101237e-04
4.121970908231150851e-04
4.202985211968152460e-04
4.304143649579797470e-04
4.384306640686312087e-04
4.474143006764272606e-04
4.570008487845887788e-04
4.646484902563451915e-04
4.744148209280109958e-04
4.829214046875114001e-04
4.909953103957921151e-04
5.008079402267436074e-04
5.083741811265674341e-04
5.172862911670815956e-04
5.263227200770993677e-04
5.336330243873028782e-04
5.431028969897258281e-04
5.509765272586810564e-04
5.587672288199560912e-04
5.680404563872939669e-04
5.750092761052985873e-04
5.835417079064170003e-04
5.918794434815188854e-04
5.986489396999389746e-04
6.075611464093641848e-04
6.146783014291460874e-04
6.219013709184385494e-04
6.304562762701596858e-04
6.366812590222021770e-04
6.445522714423937947e-04
6.520726504893929959e-04
6.580752090336854793e-04
6.662122038529362782e-04
6.724794974159726928e-04
6.788722777787396410e-04
6.865771728875987240e-04
6.919191960215338982e-04
6.988805150577111387e-04
7.055172250220938550e-04
7.105587309854768160e-04
7.177404334101421084e-04
7.230952865269139451e-04
7.284260561383032158e-04
7.351824447481725578e-04
7.395329108971526212e-04
7.453609595982433472e-04
7.510765526960630056e-04
7.549916902819809846e-04
7.610452153992807844e-04
7.654604576270171521e-04
7.695273839352831900e-04
7.752469989943341390e-04
7.785589844894131098e-04
7.830571393182785738e-04
7.878419785100718598e-04
7.905441559073272083e-04
7.953219375389344913e-04
7.988380451803224393e-04
8.015034509238194022e-04
8.060889932424010300e-04
8.083787446398666993e-04
8.113608082183778681e-04
8.151970522777833746e-04
8.166706905842598336e-04
8.199869694799089828e-04
8.226552740398529202e-04
8.238397734311317866e-04
8.271649969288149152e-04
8.285668954836186619e-04
8.299081182628223561e-04
8.327487167726266206e-04
8.331191823372857902e-04
8.347973032672357293e-04
8.366869697211706640e-04
8.364683539134140254e-04
8.383495130148520139e-04
8.390372379255964849e-04
8.387145668831267643e-04
8.404380399857722811e-04
8.399548546372084031e-04
8.398500052268604524e-04
8.409552549237914957e-04
8.395851895154462022e-04
8.397880293266556367e-04
8.399124708095165402e-04
8.380841782138611024e-04
8.384343044596909546e-04
8.374108755306085370e-04
8.355299913266323302e-04
8.356790316271830565e-04
8.335743152994736080e-04
8.319239184448675058e-04
8.314923369834942507e-04
8.285717432436297877e-04
8.272191421740046884e-04
8.258959558012770935e-04
8.225384334322257025e-04
8.213609005576189654e-04
8.189908885368540285e-04
8.155552738704001338e-04
8.142809731407316424e-04
8.109029528489048767e-04
8.076597707562140202e-04
8.059703748505731447e-04
8.017852844812295432e-04
7.988477430179440368e-04
7.964542290875086623e-04
7.917579712137061670e-04
7.890899037338376361e-04
7.858270222794810043e-04
7.809421996197604644e-04
7.783608284294639933e-04
7.741772447651932730e-04
7.693800621826618613e-04
7.666594205023003449e-04
7.616623163243249964e-04
7.571311288519893797e-04
7.540114055900875179e-04
7.483874987043548192e-04
7.441899788749895559e-04
7.404809233596544278e-04
7.344888227131115502e-04
7.305816814527112124e-04
7.261586638094958378e-04
7.200502730869136163e-04
7.163070459610694886e-04
7.111433835020373280e-04
7.051375078175359549e-04
7.013916917466701383e-04
6.955595725994601422e-04
6.898179097149436875e-04
6.858858663619370622e-04
6.795128756497963336e-04
6.741249608762961854e-04
6.698593893116765088e-04
6.631182876349307146e-04
6.580919926513075858e-04
6.533831703884644074e-04
6.464666041816193942e-04
6.417557281290529663e-04
6.365425439926881675e-04
6.296345375444349721e-04
6.251693529158372509e-04
6.194538273380571737e-04
6.126952094111901177e-04
6.083626866035496102e-04
6.021921401411472596e-04
5.957074787510560588e-04
5.914086917746153201e-04
5.848606789308699464e-04
5.787180769529186308e-04
5.743545432517272505e-04
5.675310542896284819e-04
5.617746721909237101e-04
5.572809782178000070e-04
5.502932919326691038e-04
5.449231360401914819e-04
5.402462140837597029e-04
5.332089982625380295e-04
5.282231012543397389e-04
5.233511889227526834e-04
5.163627544799149864e-04
5.117195107532602127e-04
5.066444323596552357e-04
4.997931869949289851e-04
4.954668915540883303e-04
4.902199261838982016e-04
4.835780876647268476e-04
4.795212351770892882e-04
4.741233815409642556e-04
4.677392370099634150e-04
4.639196321990090460e-04
4.584169076854248252e-04
4.523332984041405027e-04
4.487304415655550029e-04
4.431739095196012826e-04
4.374117981815687627e-04
4.339973931867509380e-04
4.284252365918125123e-04
4.229924671267210577e-04
4.197589045377632150e-04
4.142258800303831459e-04
4.091347463473326944e-04
4.060869968177761640e-04
4.006416734600387955e-04
3.958876549905007876e-04
3.930211652435493296e-04
3.876920950678149763e-04
3.832631976713906556e-04
3.805943179035046770e-04
3.754251725386643229e-04
3.713116963589870576e-04
3.688493999243826508e-04
3.638621237005318127e-04
3.600436781568199743e-04
3.578069823809653218e-04
3.530338421994582776e-04
3.494950303266397594e-04
3.474994153822115114e-04
3.429617505805569342e-04
3.396875963464203538e-04
3.379604633385025988e-04
3.336834926033048639e-04
3.306484218744055363e-04
3.291999780342731068e-04
3.251951801886614288e-04
3.223693524176895163e-04
3.212213700658691226e-04
3.175253291155938611e-04
3.148919570574320345e-04
3.140547574019708112e-04
3.106854972628247729e-04
3.082094780274649863e-04
3.076820453361338130e-04
3.046673632939623524e-04
3.023302703525472751e-04
3.021232400061024019e-04
2.995022624424797963e-04
2.972764988836085415e-04
2.973748226065299743e-04
2.951814907147828188e-04
2.930365328844411000e-04
2.934079838540944174e-04
2.916841643082956556e-04
2.896074235443500851e-04
2.902111655741148200e-04
2.889996114728576068e-04
2.869904539614447038e-04
2.877744406975594723e-04
2.871188916343411736e-04
2.851905466507277751e-04
2.860834246954733606e-04
2.860211689175797033e-04
2.842121665286584799e-04
2.851286091628458695e-04
2.856754576858990457e-04
2.840454200962777738e-04
2.848939223402528775e-04
2.860449451028193027e-04
2.846812392133532348e-04
2.853668666224165205e-04
2.870780724531283136e-04
2.860964343808092150e-04
2.865444175827018287e-04
2.887274318272704094e-04
2.882590612454892227e-04
2.884277861868239298e-04
2.909461887196588669e-04
2.911252813753127406e-04
2.910231216851096969e-04
2.936885838648832644e-04
2.946295757673752114e-04
2.943420650072832564e-04
2.969306335279699302e-04
2.986849425311640261e-04
2.983758648996527943e-04
3.006681748019672008e-04
3.032066286157127435e-04
3.031068606801887210e-04
3.049107021059404773e-04
3.080878408210917544e-04
3.084818556235705738e-04
3.097063853598848232e-04
3.132535005349420436e-04
3.144041640744429499e-04
3.150952064541375766e-04
3.186544942489231221e-04
3.207472291218914058e-04
3.211163923277743598e-04
3.242862445420635923e-04
3.273422948409646831e-04
3.277728224390331012e-04
3.302235153886125783e-04
3.340244150116807140e-04
3.349745464273499638e-04
3.365740961651684593e-04
3.406870401570020177e-04
3.425639227057068639e-04
3.434534478585657912e-04
3.472974790337749330e-04
3.502962030854404408e-04
3.509287176965132475e-04
3.539608936077276967e-04
3.579150647119036868e-04
3.589336062187350150e-04
3.608735172835270469e-04
3.652381151001100955e-04
3.672493286454437517e-04
3.682581673720776200e-04
3.722426948616950975e-04
3.755105199901486107e-04
3.762228766496343449e-04
3.791342634844931678e-04
3.833753533860189962e-04
3.846629988422475442e-04
3.862440595529820090e-04
3.906221506448788157e-04
3.931849579033487455e-04
3.938996984529280531e-04
3.973964246492626951e-04
4.012734758689832210e-04
4.021326405637236780e-04
4.041142381735344570e-04
4.085310296394131118e-04
4.105794454170002129e-04
4.112984165714074058e-04
4.149894457675035783e-04
4.185529819790216296e-04
4.191366607168946819e-04
4.211656522394068361e-04
4.254738574718698184e-04
4.272509474062799505e-04
4.277854779559417766e-04
4.313297161806214702e-04
4.347705890473778909e-04
4.351581161140755452e-04
4.368260348537224150e-04
4.409639021450996173e-04
4.427545261426803235e-04
4.428875081433817458e-04
4.459162637338232775e-04
4.494343265714852609e-04
4.497687378756533945e-04
4.506518196769406263e-04
4.544393704187777946e-04
4.565799187624425162e-04
4.562498672730017210e-04
4.582737105123909282e-04
4.619215528559407805e-04
4.625912968034148428e-04
4.624159533415202932e-04
4.653630212073562884e-04
4.681474174396064026e-04
4.677189497591926755e-04
4.681957740916341346e-04
4.715440023553585944e-04
4.731390193358007263e-04
4.721501256332512092e-04
4.733980901946960957e-04
4.766065630331342453e-04
4.770120559493873412e-04
4.758965267938857608e-04
4.777629608128893847e-04
4.804563225792895425e-04
4.798700039441107425e-04
4.788786699338311390e-04
4.811111382063352603e-04
4.831232170704790121e-04
4.817919516902269186e-04
4.809886658962821354e-04
4.833369479290648956e-04
4.846551876190918805e-04
4.827766242566831575e-04
4.820948757931941197e-04
4.843816102285208544e-04
4.851043221435761199e-04
4.828067315064350816e-04
4.821046245354499576e-04
4.842265040310844834e-04
4.845105388204290920e-04
4.818582520811105904e-04
4.809461010962760440e-04
4.828395613973880392e-04
4.828707698414433499e-04
4.799054779448645464e-04
4.785754577315951583e-04
4.801834144855912146e-04
4.801683235665134275e-04
4.769624503501334245e-04
4.750094687334600104e-04
4.762361343254178122e-04
4.763849322315955731e-04
4.730853568838001150e-04
4.703095164801237237e-04
4.709335949664763534e-04
4.713994405248075545e-04
4.682956247157051932e-04
4.646088832980564774e-04
4.642694514311212811e-04
4.650434411336831298e-04
4.625615000166283675e-04
4.581131224928298540e-04
4.563470459481473729e-04
4.570960582260257150e-04
4.556862864410788239e-04
4.510388421282495808e-04
4.475078268971838464e-04
4.474456669006158225e-04
4.472397695246409406e-04
4.433905054733882928e-04
4.383229417930360771e-04
4.363641294221402801e-04
4.366700297019459861e-04
4.346189983059609062e-04
4.292430424177025934e-04
4.247449922970107389e-04
4.238546389399951348e-04
4.235839853792251557e-04
4.198754504349405409e-04
4.138083303683041036e-04
4.099316611187699610e-04
4.094332812473856862e-04
4.084077704793471607e-04
4.036151043932396758e-04
3.971658684311526154e-04
3.934540767804833969e-04
3.929210819527662025e-04
3.914763857282184943e-04
3.861903964402943435e-04
3.792776878412398248e-04
3.750621293957436941e-04
3.742096847980956923e-04
3.728965068294106907e-04
3.678035406771550542e-04
3.603393633043487838e-04
3.548118226035556003e-04
3.530620832159037472e-04
3.522570280291946595e-04
3.483527647450882338e-04
3.408809824877638366e-04
3.334348010611668011e-04
3.295061940688609426e-04
3.285776418122020532e-04
3.267621138682561596e-04
3.210576020412428400e-04
3.125042076023593638e-04
3.050232567193755448e-04
3.013752739470800207e-04
3.004430447752095916e-04
2.984057320098901624e-04
2.924288490736715734e-04
2.832627838373140113e-04
2.744667897755530186e-04
2.691951778103727220e-04
2.675053842497010352e-04
2.664049008904966756e-04
2.623692614351546474e-04
2.541214979140383979e-04
2.435160479175487174e-04
2.340520127283652924e-04
2.283218712353367211e-04
2.262769014343445138e-04
2.253777851654893141e-04
2.223134749766876442e-04
2.150342143711970783e-04
2.038551347197540078e-04
1.911337974745275638e-04
1.799034236787502069e-04
1.723255347714213468e-04
1.687464870033238444e-04
1.676874597734263580e-04
1.665962855049231178e-04
1.628971275133672247e-04
1.548652331344376604e-04
1.420466115539034398e-04
1.251904095260149188e-04
1.058448542594366112e-04
8.583564658119276919e-05
6.681348375681894433e-05
4.997346471602522771e-05
3.596262398826015642e-05
2.493309941527905869e-05
1.667545791941935519e-05
1.077186087129819984e-05
6.728436937058571775e-06
4.068264141197081612e-06
2.383412127628400580e-06
1.354166689333628770e-06
7.467631987729615091e-07
3.999962189441078205e-07
2.082512942764187840e-07
1.054507802977060001e-07
5.196257667641186873e-08
2.493090830891880919e-08
1.165201260782555684e-08
5.307266830303440618e-09
2.356807411408651870e-09
1.020756672968155185e-09
4.313342943751315345e-10
1.778836452858519462e-10
7.161663064574814860e-11
2.815547851686001554e-11
1.081157479745876110e-11
4.055917058165258418e-12
1.486798379282953760e-12
5.326711462401322629e-13
1.865453090378731267e-13
6.386968713058275485e-14
2.138215137681019390e-14
7.000176645600885507e-15
2.241386262559991101e-15
7.019694327707417458e-16
2.150562061333298689e-16
6.445425198536880521e-17
1.889930112488607399e-17
5.421989541014691767e-18
1.521984100950725312e-18
4.180377756115365193e-19
1.123533979175292607e-19
2.954808962250710003e-20
7.604110111943248136e-21
1.914884476245955668e-21
4.718538866262831341e-22
1.137719232502677139e-22
2.684190795607954757e-23
6.196219914794899341e-24
1.399446189198348150e-24
3.092278970247706210e-25
6.684481387964375785e-26
1.413491568565180530e-26
2.923623108603215651e-27
5.914455053477585287e-28
1.170124529487595056e-28
2.263750107406576239e-29
4.282083986097072279e-30
7.918803146050528119e-31
1.431479092335573122e-31
2.529128924640869122e-32
4.366693452176111653e-33
7.366501380448023197e-34
1.214013155660482766e-34
1.954165345393365355e-35
3.071798014251811570e-36
4.714442141806035270e-37
7.062886248159257866e-38
1.032645319505595379e-38
1.473108441835248221e-39
2.049862752846442905e-40
2.781682505529203644e-41
3.680130202154691132e-42
4.745319698823459670e-43
5.961857936301115521e-44
7.295781896597570028e-45
8.693387175368862423e-46
1.008273420996589027e-46
1.137828285407164071e-47
1.248856668786209683e-48
1.332616334894996940e-49
1.381859242461510475e-50
1.391835007782034878e-51
1.361021810478297262e-52
1.291433739911718635e-53
1.188427303672034633e-54
1.060026654550812771e-55
9.158836975636928597e-57
7.660609435851955639e-58
6.198533579508575237e-59
4.848441698531827182e-60
3.663263120495363145e-61
2.671347380963047509e-62
1.878490742238415184e-63
1.272619685112193340e-64
8.297846360991275972e-66
5.201691911047886074e-67
3.131392120500805634e-68
1.808036073520504078e-69
9.999415424364074414e-71
5.289492812549536699e-72
2.672062330115371359e-73
1.286868063486837180e-74
5.897537678610621015e-76
2.566695368606898833e-77
1.058460211649993776e-78
4.125718890589682571e-80
1.515863342751612331e-81
5.233933539777430851e-83
1.692440513517820144e-84
5.105406738421963437e-86
1.430404092733366323e-87
3.703319388726311036e-89
8.807730503933334377e-91
1.911016571001779127e-92
3.751472523440268905e-94
6.596664397494066854e-96
1.026243264807704545e-97
1.390442355563806718e-99
1.607275141319922536e-101
1.541132851074137201e-103
1.176755122361091219e-105
6.708288295582180680e-108
2.537911128166367579e-110
4.779178643030471629e-113
