-3.171913338672815996e-02
-1.573686339977635740e-01
-1.666341773596352327e-01
-1.432749642462596562e-01
-1.156303298369850963e-01
-9.239642192050800951e-02
-7.538313572608124069e-02
-6.406378852029007143e-02
-5.727862446292303344e-02
-5.384771562240837223e-02
-5.262198712737890804e-02
-5.259063944089198417e-02
-5.311651941399214011e-02
-5.383091571082350424e-02
-5.449073422108188097e-02
-5.498379506007758377e-02
-5.526408181829790128e-02
-5.534549506017351350e-02
-5.528968826462006547e-02
-5.514965281855413459e-02
-5.493655633638316882e-02
-5.465876201980552490e-02
-5.432383781953456503e-02
-5.392407641324201140e-02
-5.344086401279246612e-02
-5.286542561639610144e-02
-5.218324229828840560e-02
-5.139286413457994085e-02
-5.049279279363311224e-02
-4.948077854359120981e-02
-4.836708121404689753e-02
-4.717288331149330910e-02
-4.590643890994931808e-02
-4.456656984876671695e-02
-4.315637417510638507e-02
-4.168687982905395356e-02
-4.016766896913387397e-02
-3.860247644699961456e-02
-3.698436214918077170e-02
-3.531789880186546327e-02
-3.359821158824595477e-02
-3.182673243905068117e-02
-3.001155216455268088e-02
-2.816638821547617910e-02
-2.629898361677231178e-02
-2.441379197225785475e-02
-2.250110395287572077e-02
-2.055684420460759249e-02
-1.858406148279187486e-02
-1.659136663837435313e-02
-1.458385175217923740e-02
-1.256505796798168192e-02
-1.053527363431768470e-02
-8.497579485374618866e-03
-6.453745805198523623e-03
-4.407325005834108501e-03
-2.360196216362613758e-03
-3.123986285770549622e-04
1.734427340726126974e-03
3.778387967537115769e-03
5.815243682434924864e-03
7.839862938632544478e-03
9.848272297637905570e-03
1.183978242638164188e-02
1.381415007331131088e-02
1.577312181276820796e-02
1.771611447147961732e-02
1.964201805040129145e-02
2.154641541506273003e-02
2.342955505352498427e-02
2.528813664593015584e-02
2.712209992477572496e-02
2.892654218218828482e-02
3.070443586178237677e-02
3.245072436084255052e-02
3.416722330843420530e-02
3.584901484685173306e-02
3.749921125212080097e-02
3.911103778106080064e-02
4.068943050688290930e-02
4.222882545128779641e-02
4.373266956024907115e-02
4.519662932114605625e-02
4.662373395798547621e-02
4.800867136083068060e-02
4.935575032344897972e-02
5.065932142029778290e-02
5.192365922398015782e-02
5.314334400250116108e-02
5.432252755282028500e-02
5.545532365646139994e-02
5.654680859934731185e-02
5.759121534303543455e-02
5.859365042586943406e-02
5.954833384288654718e-02
6.046024350093642807e-02
6.132293588421008912e-02
6.214307723710719294e-02
6.291357266990246777e-02
6.364070821361075825e-02
6.431759975390674566e-02
6.495097856065265574e-02
6.553400506159602623e-02
6.607363718313422063e-02
6.656253152426502839e-02
6.700758947478036021e-02
6.740169948512839126e-02
6.775253828567692760e-02
6.805264371364047604e-02
6.830911148920525144e-02
6.851525413211012605e-02
6.867847825257178407e-02
6.879162824954329625e-02
6.886209549255253859e-02
6.888269395138556239e-02
6.886149507792983793e-02
6.879159527594611023e-02
6.868022609276221158e-02
6.852074209048894526e-02
6.832046803699788617e-02
6.807272886062828987e-02
6.778542857474709193e-02
6.745155885804937634e-02
6.707824165752637735e-02
6.665991533368365030e-02
6.620232920154445200e-02
6.570104062703377434e-02
6.516193008511080020e-02
6.458042005483249914e-02
6.396164230275175333e-02
6.330200862546521423e-02
6.260666036287501623e-02
6.187160827444469768e-02
6.110194263594451169e-02
6.029424405151568439e-02
5.945301050223762013e-02
5.857524550007925379e-02
5.766471986180372877e-02
5.671993252449170075e-02
5.574308578086704935e-02
5.473376517919170681e-02
5.369367978375660932e-02
5.262311632554593499e-02
5.152285835718287133e-02
5.039426021683062612e-02
4.923738343870963374e-02
4.805351849438532774e-02
4.684278546520952158e-02
4.560740062174323262e-02
4.434626153632421908e-02
4.306262751875024331e-02
4.175445535714372713e-02
4.042566539727350527e-02
3.907368467304127291e-02
3.770323356004397219e-02
3.631089780904366016e-02
3.490159513758686605e-02
3.347182517763170467e-02
3.202717224250842959e-02
3.056340378299569199e-02
2.908664734243369965e-02
2.759234886426449596e-02
2.608720579359207620e-02
2.456552983685844627e-02
2.303503114410380970e-02
2.148973460488452086e-02
1.993746925735589287e-02
1.837190871511519899e-02
1.680087440055159226e-02
1.521884012120393315e-02
1.363271008742102455e-02
1.203684523548804834e-02
1.043914480241523238e-02
8.832855009654503459e-03
7.226780598808853553e-03
5.613720054792073651e-03
4.002134275051850293e-03
2.385674632801381562e-03
7.716892360096398815e-04
-8.448727739445674890e-04
-2.457841240716835459e-03
-4.071681861921865216e-03
-5.680102514867278393e-03
-7.288268596149939833e-03
-8.888991333721101701e-03
-1.048829639680698075e-02
-1.207911414865582393e-02
-1.366597004921319206e-02
-1.524411549741601021e-02
-1.681563545820881703e-02
-1.837801655284060712e-02
-1.993190608205486908e-02
-2.147545297050085233e-02
-2.300924487958088543e-02
-2.453128041001617979e-02
-2.604188480483887388e-02
-2.754018239276324886e-02
-2.902502353778806804e-02
-3.049690692958436505e-02
-3.195329111886474616e-02
-3.339640317476621351e-02
-3.482217911790043419e-02
-3.623404316376757639e-02
-3.762684133007254683e-02
-3.900508552623786068e-02
-4.036308847439344649e-02
-4.170511425210123024e-02
-4.302628020986858093e-02
-4.433059453475064748e-02
-4.561228913017842390e-02
-4.687729185588972863e-02
-4.811769389654988599e-02
-4.934101069204280959e-02
-5.053913583740332616e-02
-5.171874926927640115e-02
-5.287269463280991344e-02
-5.400721964237715361e-02
-5.511527834728503772e-02
-5.620300793124314437e-02
-5.726380654993548647e-02
-5.830408005162236729e-02
-5.931575224392243717e-02
-6.030656099495140809e-02
-6.126937921048923597e-02
-6.220889673219893307e-02
-6.312064819201143595e-02
-6.400965245052650521e-02
-6.486919444567396109e-02
-6.570514526062623539e-02
-6.651286017363894354e-02
-6.729543874903272382e-02
-6.804956354128295637e-02
-6.877805481817855782e-02
-6.947860722051527049e-02
-7.015237490692695366e-02
-7.079865573043156446e-02
-7.141700175007385798e-02
-7.200847884675842803e-02
-7.257164073898957068e-02
-7.310829577735372675e-02
-7.361494956033370896e-02
-7.409594592000717794e-02
-7.454750043333109588e-02
-7.497345172725876361e-02
-7.536898503446028130e-02
-7.573947943137901428e-02
-7.607915968779253857e-02
-7.639398400447423854e-02
-7.667800081696352077e-02
-7.693828134712235589e-02
-7.716742117104931353e-02
-7.737283703698390191e-02
-7.754717947878225770e-02
-7.769767220951895315e-02
-7.781807211363582499e-02
-7.791469890449174984e-02
-7.798053546691940952e-02
-7.802356687643985378e-02
-7.803703194868837067e-02
-7.802679831307872405e-02
-7.798798046906776915e-02
-7.792632789976250418e-02
-7.783623318172717964e-02
-7.772287801005714480e-02
-7.758202764142839436e-02
-7.741854415296037240e-02
-7.722892402472270046e-02
-7.701561056771855096e-02
-7.677793349727859984e-02
-7.651692791537552385e-02
-7.623226300395152810e-02
-7.592328842699105906e-02
-7.559234088975469446e-02
-7.523791979013436104e-02
-7.486306501384391854e-02
-7.446410421883847830e-02
-7.404554367210963717e-02
-7.360275161147336598e-02
-7.314191223805698028e-02
-7.265804862542332709e-02
-7.215729707415421967e-02
-7.163260975887085491e-02
-7.109236734294982485e-02
-7.052935566222245933e-02
-6.995071455227883095e-02
-6.935071052891415844e-02
-6.873663244609540257e-02
-6.810104909791486749e-02
-6.745156148249842332e-02
-6.678274104684772672e-02
-6.610080500583215279e-02
-6.539983331956281121e-02
-6.468647843891632554e-02
-6.395542174890547771e-02
-6.321203323110673178e-02
-6.245271639233615502e-02
-6.168153579833626776e-02
-6.089625658696584676e-02
-6.009893852111779927e-02
-5.928885573446507351e-02
-5.846650962422715592e-02
-5.763323560660325168e-02
-5.678835182064442821e-02
-5.593411756075766794e-02
-5.506819655394163543e-02
-5.419475006941175399e-02
-5.330961602486256057e-02
-5.241876108767697107e-02
-5.151699229456932483e-02
-5.061110689847286848e-02
-4.969442200782286934e-02
-4.877396795028014070e-02
-4.784345476858283680e-02
-4.691060715531325531e-02
-4.596892028345754555e-02
-4.502597770055000864e-02
-4.407478721193743010e-02
-4.312285331917555670e-02
-4.216378410353200518e-02
-4.120477348254406036e-02
-4.024053619167868023e-02
-3.927646245818479376e-02
-3.830842933951938978e-02
-3.734043217544482512e-02
-3.637007575861130049e-02
-3.540031741341935489e-02
-3.442974928437804449e-02
-3.345963163086201897e-02
-3.249045980077835960e-02
-3.152159931052778835e-02
-3.055577372626426536e-02
-2.959030581547212463e-02
-2.862935622102490141e-02
-2.766886512042422350e-02
-2.671407785415205044e-02
-2.575982368830241620e-02
-2.481265849341928939e-02
-2.386614130259202479e-02
-2.292802574081140646e-02
-2.199106374094433186e-02
-2.106328366845187927e-02
-2.013743307624470125e-02
-1.922134764508243165e-02
-1.830822405763452704e-02
-1.740510261915333839e-02
-1.650606543095525097e-02
-1.561712543217253467e-02
-1.473356476624659329e-02
-1.385992125139458124e-02
-1.299327017301301658e-02
-1.213614327007898896e-02
-1.128744547197342227e-02
-1.044804187379667036e-02
-9.618462436068448210e-03
-8.797807189325691779e-03
-7.988414356926357499e-03
-7.187673314324992575e-03
-6.399364806791050034e-03
-5.619514567470978994e-03
-4.853323004646993392e-03
-4.095249524158532141e-03
-3.352049872946665648e-03
-2.616784920789393121e-03
-1.897162729826450990e-03
-1.185748394892705698e-03
-4.903179519622914272e-04
1.964445124963002179e-04
8.670597791187582186e-04
1.528341221112672777e-03
2.173707658337879420e-03
2.808646412920522573e-03
3.428419303036488956e-03
4.036468710789650749e-03
4.629927966227272498e-03
5.210695693797491243e-03
5.777362356988169356e-03
6.330278764485569414e-03
6.869985556428374190e-03
7.394643234087286236e-03
7.906792896175719731e-03
8.403027590502728725e-03
8.887479790715024919e-03
9.354939823688110390e-03
9.811419882285331642e-03
1.025001921594554700e-02
1.067818206735183725e-02
1.108819558212328221e-02
1.148765696256144435e-02
1.186904716158967109e-02
1.223975615461206888e-02
1.259269022455351481e-02
1.293434714420883119e-02
1.325912669610960180e-02
1.357181924480782911e-02
1.386847357853715317e-02
1.415235179065122903e-02
1.442111282227324411e-02
1.467621530111480957e-02
1.491743703760928935e-02
1.514403473558141242e-02
1.535789188973049613e-02
1.555632387512634850e-02
1.574321350858423965e-02
1.591380719071315564e-02
1.607403338839528614e-02
1.621752514013924396e-02
1.635119459651837581e-02
1.646803369272186596e-02
1.657557573254777109e-02
1.666650295139131960e-02
1.674816121060064555e-02
1.681392335611982952e-02
1.687024059581441679e-02
1.691131122148028382e-02
1.694272426257722661e-02
1.696005060442499351e-02
1.696702787012309421e-02
1.696133293044838758e-02
1.694448104683128620e-02
1.691654571344761160e-02
1.687657073708280150e-02
1.682716854269824050e-02
1.676495777579617777e-02
1.669463341346418689e-02
1.661104488415789115e-02
1.652050593776731649e-02
1.641645574684445774e-02
1.630604486581683707e-02
1.618253897688780307e-02
1.605344976317982231e-02
1.591154531816778295e-02
1.576413704248988412e-02
1.560468498715663829e-02
1.543979331311304617e-02
1.526412023914558089e-02
1.508235749882882483e-02
1.489146485527916529e-02
1.469371703423172013e-02
1.448874523154352820e-02
1.427607961911332712e-02
1.405770123099663038e-02
1.383101968187745376e-02
1.360015085938779192e-02
1.336063403156665524e-02
1.311813492317472421e-02
1.286688700725739480e-02
1.261365908071679712e-02
1.235163794333061366e-02
1.208849775149915644e-02
1.181698419124170736e-02
1.154478101494252167e-02
1.126505295247123145e-02
1.098441477072179505e-02
1.069770825803654894e-02
1.040946776545739749e-02
1.011681168291539076e-02
9.821893498885080759e-03
9.524309854460307964e-03
9.223765027952839785e-03
8.922211536122414896e-03
8.617053571777638643e-03
8.312445679251705133e-03
8.003715495811780309e-03
7.696957346618001593e-03
7.385729841473094928e-03
7.077578984510665867e-03
6.765101639439950569e-03
6.456202320121226697e-03
6.143665665524525657e-03
5.834711901879419474e-03
5.523245052294420941e-03
5.214954158232381135e-03
4.905625955867232851e-03
4.598809130378895757e-03
4.292556440093968535e-03
3.988031908767213779e-03
3.685812051014864758e-03
3.384375252366840330e-03
3.086979651627759676e-03
2.789621229261802192e-03
2.497724394279394935e-03
2.205413814961447103e-03
1.919561746292720080e-03
1.633236949747972474e-03
1.354021341230320433e-03
1.074713354912667975e-03
8.026814458808031669e-04
5.312586168158641743e-04
2.668312241656938541e-04
4.263694559389558710e-06
-2.521018486087843891e-04
-5.049358485136746632e-04
-7.527128108205588053e-04
-9.951682717746612034e-04
-1.233652623222748160e-03
-1.465280540889836404e-03
-1.693746957445118511e-03
-1.914075127177721804e-03
-2.131893103971680813e-03
-2.340490404274342493e-03
-2.547009290157085677e-03
-2.743625943804457300e-03
-2.938026734820877155e-03
-3.122579693476059456e-03
-3.304044150131679129e-03
-3.476425273073118372e-03
-3.644311729072779050e-03
-3.804207621300149337e-03
-3.958215790424894978e-03
-4.105230611834188859e-03
-4.244997154760363732e-03
-4.378856605621911542e-03
-4.504022372577945812e-03
-4.624534384741729384e-03
-4.734833971699310348e-03
-4.841480143868779305e-03
-4.937115175239018341e-03
-5.029278471652047153e-03
-5.110402027311128186e-03
-5.187609826465303456e-03
-5.254201400460354124e-03
-5.316238943270186826e-03
-5.368312185642470230e-03
-5.414851934027633054e-03
-5.452676008942934985e-03
-5.483321531123516897e-03
-5.506959916118076004e-03
-5.521755393337473422e-03
-5.530969587944901261e-03
-5.530245637060435260e-03
-5.524875666386676147e-03
-5.508690743911503693e-03
-5.488714242424851467e-03
-5.457387490941118663e-03
-5.422503726258508586e-03
-5.376555032335213376e-03
-5.326514577625083256e-03
-5.266467699849201531e-03
-5.201231840353470574e-03
-5.127279583973312627e-03
-5.047049916646307102e-03
-4.959557292954311705e-03
-4.864330333368322573e-03
-4.763608533996234289e-03
-4.653772931037550471e-03
-4.539850318994514619e-03
-4.415970778845497609e-03
-4.288875879752146285e-03
-4.151491045348312987e-03
-4.011371027939834161e-03
-3.861043334474993042e-03
-3.707925544990612471e-03
-3.545503339491791646e-03
-3.379288892624178822e-03
-3.205436158461361096e-03
-3.026501657303470351e-03
-2.841582838041097937e-03
-2.650418711456441374e-03
-2.454919085617272671e-03
-2.251884680145475968e-03
-2.046235844643693944e-03
-1.832022482747138695e-03
-1.616351619667341991e-03
-1.391895229753686543e-03
-1.166345515913533304e-03
-9.324248117332521778e-04
-6.971926358412337387e-04
-4.546563863159396924e-04
-2.099915154971799386e-04
4.040205426390907771e-05
2.940518823826289668e-04
5.517125355423904828e-04
8.138679755344037110e-04
1.078101702912857406e-03
1.348238483563054483e-03
1.618605246434265312e-03
1.895675269613245669e-03
2.172160401459551603e-03
2.455149634514314574e-03
2.737261131810148247e-03
3.025526119097777383e-03
3.312930861316891462e-03
3.605321065827101455e-03
3.897931070033579509e-03
4.193526247593181572e-03
4.490771559731333504e-03
4.789032996044155499e-03
5.090242174518182054e-03
5.390575238483041355e-03
5.694957759886883075e-03
5.997060420272936482e-03
6.303561892260537217e-03
6.607039955061341091e-03
6.914909823224161048e-03
7.219394410056897797e-03
7.527417515263442813e-03
7.833009223469765414e-03
8.140151884416578151e-03
8.446123494632046952e-03
8.751950382454354305e-03
9.057769096453515550e-03
9.361448850194931462e-03
9.666524405150631050e-03
9.967617127739939950e-03
1.027106960848912787e-02
1.056935496982560653e-02
1.087005658946013295e-02
1.116549834872612897e-02
1.146247204882441459e-02
1.175457380166306312e-02
1.204707008313608135e-02
1.233570514727801853e-02
1.262270414535696106e-02
1.290738704753290750e-02
1.318839746453971326e-02
1.346857934854172809e-02
1.374317545809426722e-02
1.401791877675748199e-02
1.428597023329011839e-02
1.455453123470094520e-02
1.481583258617098255e-02
1.507724328583054038e-02
1.533174645832944410e-02
1.558506406639440303e-02
1.583271560097886110e-02
1.607729548921086465e-02
1.631760533359386672e-02
1.655289415563730021e-02
1.678557467957632679e-02
1.701125005980145405e-02
1.723550904945872833e-02
1.745157513310885422e-02
1.766670858672780842e-02
1.787305763709657463e-02
1.807808225466479152e-02
1.827492475027746657e-02
1.846937645051373311e-02
1.865678864158559769e-02
1.883971008499827487e-02
1.901719195692483377e-02
1.918845882351705862e-02
1.935599801983881735e-02
1.951526111769659455e-02
1.967214814921224020e-02
1.981977092519406763e-02
1.996532130915797815e-02
2.010108632883886998e-02
2.023477921257636758e-02
2.035960229070640087e-02
2.048067706912168676e-02
2.059407298417623849e-02
2.070221319074390387e-02
2.080450054864613554e-02
2.089927932929672855e-02
2.099011392281681029e-02
2.107196001484004655e-02
2.115089676654587081e-02
2.121987855343792501e-02
2.128648043764120451e-02
2.134291435564990291e-02
2.139639457759487037e-02
2.144086607025621344e-02
2.148094089935337347e-02
2.151356072246181708e-02
2.153997382703529140e-02
2.156080527656255297e-02
2.157346966469982780e-02
2.158262491864931798e-02
2.158213321833368087e-02
2.157878584938032612e-02
2.156524827597300353e-02
2.154933972785681370e-02
2.152355904383036755e-02
2.149435542942618876e-02
2.145679712364544772e-02
2.141419222218005763e-02
2.136513587044070600e-02
2.130929067933900675e-02
2.124911213995774040e-02
2.118018443246176205e-02
2.110848309907113057e-02
2.102716722530151988e-02
2.094371066985750707e-02
2.085044702716534748e-02
2.075488791135750993e-02
2.065073850620445864e-02
2.054296558933033784e-02
2.042827477860807706e-02
2.030802709292941696e-02
2.018313739492718500e-02
2.005102960772535414e-02
1.991633804195845278e-02
1.977291112931230110e-02
1.962786150202779079e-02
1.947369381540102126e-02
1.931828670044189594e-02
1.915454145040962342e-02
1.898849699717466977e-02
1.881582034380777091e-02
1.863935269287739921e-02
1.845842189189486615e-02
1.827157051407099150e-02
1.808238749362930942e-02
1.788584185290400738e-02
1.768858874778655652e-02
1.748320927490561866e-02
1.727751927868547560e-02
1.706418815266983607e-02
1.685005711853349367e-02
1.662985589238012013e-02
1.640733123374157193e-02
1.618095710072678384e-02
1.595023424024746145e-02
1.571795519261683788e-02
1.547967386222109769e-02
1.524164758627101837e-02
1.499681058857155538e-02
1.475290995652014589e-02
1.450236041563139275e-02
1.425221528013546381e-02
1.399690339622494673e-02
1.374083324921803947e-02
1.348195629945325713e-02
1.322025050025591071e-02
1.295787905487317225e-02
1.269079672178203763e-02
1.242513513971139558e-02
1.215399001822558590e-02
1.188519377491143759e-02
1.161111633688311981e-02
1.133890508313815243e-02
1.106272996805951481e-02
1.078690593945019066e-02
1.050932041284708893e-02
1.023022928739217643e-02
9.951854375165042690e-03
9.670203566338598025e-03
9.391237550448768359e-03
9.107959926784087515e-03
8.828270525042463540e-03
8.544485480521744891e-03
8.263838881027186015e-03
7.980650654089482821e-03
7.699102811576874483e-03
7.417434838872810285e-03
7.135400853283293057e-03
6.855637550474844889e-03
6.573702081151034521e-03
6.295807332287039516e-03
6.014827391153334049e-03
5.738662610367799982e-03
5.459811744416370738e-03
5.185229406059574386e-03
4.909572104122067807e-03
4.636418914132481306e-03
4.364636272184649682e-03
4.093212241125687711e-03
3.825629261108208067e-03
3.556715450786498631e-03
3.293289361789673766e-03
3.027925387319296315e-03
2.768430655445414633e-03
2.507632060726558421e-03
2.251837901918771461e-03
1.996554093460303943e-03
1.744354973739454129e-03
1.495206143920387119e-03
1.246960190044357503e-03
1.004104012801982802e-03
7.605274417725070221e-04
5.237028584522637233e-04
2.858689115337579743e-04
5.469766895174754673e-05
-1.763908582240496172e-04
-4.021624613684194509e-04
-6.256998505389558488e-04
-8.460533983241982090e-04
-1.061668981647101917e-03
-1.276193803387786103e-03
-1.483910085355310887e-03
-1.691855454139151987e-03
-1.892107505548874975e-03
-2.092430182633165259e-03
-2.285756318100252635e-03
-2.477554208706631705e-03
-2.664215704609921350e-03
-2.846927541065582493e-03
-3.026814905494650248e-03
-3.200348331390644088e-03
-3.372917538286779315e-03
-3.537546937397962991e-03
-3.701964304269412046e-03
-3.858279725905544924e-03
-4.013594286221123728e-03
-4.162173462820540487e-03
-4.307647897749318847e-03
-4.448715815116957226e-03
-4.584129414683188117e-03
-4.717414948569399746e-03
-4.842981188097015069e-03
-4.967825824329395040e-03
-5.084139827047837873e-03
-5.199673801202330317e-03
-5.307434886241736878e-03
-5.412889679172330076e-03
-5.512573192188822795e-03
-5.607486941100893463e-03
-5.699156873171584009e-03
-5.783643314073058997e-03
-5.866857676203634381e-03
-5.941492156908410351e-03
-6.015455515529630551e-03
-6.081087042728050042e-03
-6.145020371180594243e-03
-6.202306623166805796e-03
-6.255734831685092964e-03
-6.304991174406436583e-03
-6.347884877996879879e-03
-6.388976819927969474e-03
-6.421852200501501282e-03
-6.454149567857212812e-03
-6.477893224005792407e-03
-6.500570365642895088e-03
-6.516084793753641920e-03
-6.528574927471098716e-03
-6.536356539415823751e-03
-6.538614265645371036e-03
-6.538675233108313771e-03
-6.531138720001624862e-03
-6.523066995735541870e-03
-6.506599177495685747e-03
-6.489638683180538881e-03
-6.465306594694562349e-03
-6.438821359410814432e-03
-6.407370969831256875e-03
-6.371262119767600283e-03
-6.332849298624409692e-03
-6.287569297039597577e-03
-6.241896270032337019e-03
-6.188292445528092468e-03
-6.134759938622794118e-03
-6.073936346231111755e-03
-6.011844714478742357e-03
-5.944767668392681587e-03
-5.873864276364678880e-03
-5.800790328308562741e-03
-5.721569328543493760e-03
-5.642276050326630772e-03
-5.555603556814571117e-03
-5.469532133251849698e-03
-5.376531512808056801e-03
-5.283031618381284211e-03
-5.184779117308931269e-03
-5.083554918500965067e-03
-4.980506110980378529e-03
-4.872020198538030977e-03
-4.763967749823576521e-03
-4.649164968318619633e-03
-4.535578074275990051e-03
-4.415614912303284997e-03
-4.295860739009285494e-03
-4.171853818096310854e-03
-4.045628349195661000e-03
-3.918122884624669969e-03
-3.785869649403036420e-03
-3.654689090149048844e-03
-3.517406769101003201e-03
-3.382020209981015553e-03
-3.240929075133108100e-03
-3.100709444937983696e-03
-2.956969357246761083e-03
-2.811655624391934567e-03
-2.665806076656514634e-03
-2.515829690057561248e-03
-2.367724977204553258e-03
-2.214135067946472121e-03
-2.063154946987349851e-03
-1.907274880911463601e-03
-1.752801153298550732e-03
-1.595698796536392395e-03
-1.437515172633873012e-03
-1.279734002697494825e-03
-1.118305657842708686e-03
-9.596326745618148028e-04
-7.961197177995446008e-04
-6.358585250322464077e-04
-4.715917150286035378e-04
-3.091770540765479791e-04
-1.451907376760572937e-04
1.955827796104781966e-05
1.827835854309384017e-04
3.492978905045673703e-04
5.121631685692792446e-04
6.791783362701066034e-04
8.423841938949766300e-04
1.008652404916528548e-03
1.172792625458657281e-03
1.337260130313080693e-03
1.502437593151354119e-03
1.664877838363484040e-03
1.830278340380528954e-03
1.991205777721092619e-03
2.155616114272523257e-03
2.315763599437316821e-03
2.477842550116670164e-03
2.637846411985055560e-03
2.796765584085945944e-03
2.956478691292536900e-03
3.112292888248813054e-03
3.270816500410748170e-03
3.424126091636340869e-03
3.580172928861024943e-03
3.731861183933242714e-03
3.884146360590969189e-03
4.034660734693822949e-03
4.182660013362315098e-03
4.331653280661420732e-03
4.475612472867243098e-03
4.622070371875522388e-03
4.762837519608223436e-03
4.905352656757383696e-03
5.043802568455192648e-03
5.181386839822103851e-03
5.317731290882172536e-03
5.450122565866027599e-03
5.583860636092785601e-03
5.711613560321281494e-03
5.841462223968175993e-03
5.965614756668540485e-03
6.090300002291443825e-03
6.211539788365068836e-03
6.330341512283431567e-03
6.448707603484999523e-03
6.561705175848608386e-03
6.676316657727191135e-03
6.784469763574416806e-03
6.893999882527803054e-03
6.998257808078531088e-03
7.101600531084546579e-03
7.202567036558404738e-03
7.299390153360786962e-03
7.396622305723718309e-03
7.487469418746231335e-03
7.579919691581490926e-03
7.665948775194452586e-03
7.752277598507899617e-03
7.834380345322982178e-03
7.913856639880638422e-03
7.992260881147499746e-03
8.065006748633425648e-03
8.138897128797863839e-03
8.205955215737997799e-03
8.274142051594450889e-03
8.336645930321916892e-03
8.397951616217433704e-03
8.456620733463243028e-03
8.510833287633705682e-03
8.565278466763278156e-03
8.613041297307284794e-03
8.662240637657190809e-03
8.704889531288215188e-03
8.747512711338797584e-03
8.786011206251425482e-03
8.821477893746858950e-03
8.856121185017957337e-03
8.884782001588507894e-03
8.914701448797697492e-03
8.937722091329050600e-03
8.961697190269426322e-03
8.980466509871104855e-03
8.997554248025736723e-03
9.012588752720802551e-03
9.022612875561806384e-03
9.033487870826296257e-03
9.037668306555236494e-03
9.043315668250426903e-03
9.042871524362595947e-03
9.041963054892621782e-03
9.038093528677026284e-03
9.030536108311431470e-03
9.023105271232369912e-03
9.009303637339389353e-03
8.997247142066924080e-03
8.978903510831772600e-03
8.961178865071809524e-03
8.939488331752482031e-03
8.915256254621049814e-03
8.890547001039183009e-03
8.860335088468531545e-03
8.831876969793475349e-03
8.796998338322811056e-03
8.763535232356237797e-03
8.725512776743934301e-03
8.686152178677009755e-03
8.645615267946299420e-03
8.600468115878889819e-03
8.557041669023306846e-03
8.507455238351308013e-03
8.459901244804330159e-03
8.407337619237131160e-03
8.354492302468301962e-03
8.299985766708860638e-03
8.241851257887507914e-03
8.185214996727328829e-03
8.122758078259456962e-03
8.062813734410834501e-03
7.997711233582279616e-03
7.933303062679166601e-03
7.866822113770693264e-03
7.797619934948568643e-03
7.729778486328309738e-03
7.656665995792628909e-03
7.586472180082379051e-03
7.511143696723999313e-03
7.437296537225546525e-03
7.361087914862476239e-03
7.283012697170888894e-03
7.206181715029962194e-03
7.124636550703564511e-03
7.046301949000953815e-03
6.962962308823815970e-03
6.881810114597748315e-03
6.798204651693708078e-03
6.713535757838062779e-03
6.630097161920195728e-03
6.542505396563289694e-03
6.458405208198365194e-03
6.369511027863338816e-03
6.283370807160435639e-03
6.194776528061066156e-03
6.105765831092452647e-03
6.018046035778146924e-03
5.926675301066372525e-03
5.839071627314205287e-03
5.746948789851970274e-03
5.658055634250203081e-03
5.566845415101329998e-03
5.475763522326048544e-03
5.386130901700703077e-03
5.293287841690691789e-03
5.204508388284219932e-03
5.111504131610224676e-03
5.022134906947439172e-03
4.930679174951313297e-03
4.839751157924591582e-03
4.750534370438935436e-03
4.658438866429239107e-03
4.570721204159780907e-03
4.479069135587415013e-03
4.391350605823090072e-03
4.301862492468581586e-03
4.213158017774968830e-03
4.126519337994691630e-03
4.037227347574750234e-03
3.952649129588750240e-03
3.864416987443532615e-03
3.780336211443910584e-03
3.694897546382927556e-03
3.610331735913971732e-03
3.528300932929541618e-03
3.443723320205171936e-03
3.364181855791283701e-03
3.281290629416837301e-03
3.202634374666858078e-03
3.123119443913143813e-03
3.044412453762151798e-03
2.968764219123668033e-03
2.890588247311151951e-03
2.817755125168813161e-03
2.741883228376863942e-03
2.670207144335229061e-03
2.598277543986321231e-03
2.526920120543072260e-03
2.459213763219915243e-03
2.388928349802661028e-03
2.324226760955235872e-03
2.256848506671081060e-03
2.193463691579924935e-03
2.130523173999646341e-03
2.067771345514497587e-03
2.009297050930796205e-03
1.948124774265843143e-03
1.892686839064634374e-03
1.835028352751976333e-03
1.780956935860957295e-03
1.728145630001089216e-03
1.674991559554611219e-03
1.626749327193162571e-03
1.575721760211671587e-03
1.530398372020556593e-03
1.483430451852315538e-03
1.439439149939319897e-03
1.397625547577150719e-03
1.354811879112347408e-03
1.317472596428633999e-03
1.277336501917007965e-03
1.242648019930884477e-03
1.207077087138468726e-03
1.173621671372419590e-03
1.143330094298686175e-03
1.111362290541960136e-03
1.085269250047066203e-03
1.056517694760795859e-03
1.032661229132588593e-03
1.008890249415775276e-03
9.861648971350384443e-04
9.675883902435350979e-04
9.466947084712275251e-04
9.318119076167669535e-04
9.146916183017074964e-04
9.015601236264193579e-04
8.896611490675681092e-04
8.776071554347502236e-04
8.705871325044316125e-04
8.608006094008413111e-04
8.567766415753710202e-04
8.512659954824986549e-04
8.484914227926534719e-04
8.482188575419213460e-04
8.465812887685756792e-04
8.505994507628046380e-04
8.517392699482076793e-04
8.579471074389309788e-04
8.637469921811210963e-04
8.707371645770476364e-04
8.815447066713145118e-04
8.899154069797688077e-04
9.041405554406837901e-04
9.158594133854118264e-04
9.313869735626489855e-04
9.479479296557098179e-04
9.640286568792829757e-04
9.849967601781588374e-04
1.002862605779480162e-03
1.026183715029749558e-03
1.047920458922518188e-03
1.071740076677922104e-03
1.098191204550629137e-03
1.122567533270221046e-03
1.152457959053461174e-03
1.179214627955317563e-03
1.210281218709580511e-03
1.241239044848365140e-03
1.272246608862990722e-03
1.307356509644654139e-03
1.339255902031796178e-03
1.376555867806332880e-03
1.411468399540539032e-03
1.448843382933901608e-03
1.487932549375339027e-03
1.525079960821981153e-03
1.567294404905717137e-03
1.605932806182790249e-03
1.648910278255802907e-03
1.691021396546089819e-03
1.733283983762718816e-03
1.779034107481980431e-03
1.821353980371644057e-03
1.868814666147717825e-03
1.913356517509833985e-03
1.960269283481831486e-03
2.008350695331953366e-03
2.054266775780546478e-03
2.104882143219375355e-03
2.151537707191263256e-03
2.202236162615756141e-03
2.251688123606533816e-03
2.300920596819345382e-03
2.353344717017474309e-03
2.401926031309551714e-03
2.455294763049095490e-03
2.505475048278384392e-03
2.557483085591906978e-03
2.610544044303760112e-03
2.660856888957907358e-03
2.715639703395719435e-03
2.766135819702410410e-03
2.820091994893520262e-03
2.872840719106729661e-03
2.924534735310883263e-03
2.979467376200494767e-03
3.030007642902013670e-03
3.084872372196748903e-03
3.136597851081302738e-03
3.189159617691966590e-03
3.243117605087881064e-03
3.293427302326598465e-03
3.348077524630086420e-03
3.398319620021095135e-03
3.451036020435067908e-03
3.503088601258470217e-03
3.552855421383052312e-03
3.606167396877421952e-03
3.654583391686910647e-03
3.706587120429015621e-03
3.756007707889578127e-03
3.804802290073750967e-03
3.855744671977210779e-03
3.902044241320504290e-03
3.952407589161425171e-03
3.998703570085179737e-03
4.045975995830290890e-03
4.093670031508865603e-03
4.137606038825755381e-03
4.185383464061418618e-03
4.228158595559690196e-03
4.273285081944163191e-03
4.317053852118005013e-03
4.358313252201526100e-03
4.402650289161591513e-03
4.441660171084911915e-03
4.483934047845312965e-03
4.523248725435382450e-03
4.561479240417549812e-03
4.601599812309971511e-03
4.636627911026867596e-03
4.675355513280132769e-03
4.709833316322699012e-03
4.744634332192137691e-03
4.779932801807280918e-03
4.810792813128167596e-03
4.845318129583458047e-03
4.874718894562054747e-03
4.905659773858593239e-03
4.935649882842639558e-03
4.962165247164733277e-03
4.991918464190832176e-03
5.016073834628246089e-03
5.042720880682968927e-03
5.067064571204869458e-03
5.089030353301454528e-03
5.113516316779989634e-03
5.132334482312918451e-03
5.154282172609260700e-03
5.172757932660938113e-03
5.190001108637458047e-03
5.208858619431022338e-03
5.222288007303510504e-03
5.239200160438701667e-03
5.251713682374509196e-03
5.264068601781294286e-03
5.277049323124442803e-03
5.285083366527809287e-03
5.296686787388639635e-03
5.303214361455991545e-03
5.310552153285755250e-03
5.317538214281597800e-03
5.320200094013403588e-03
5.326301883951607523e-03
5.326897594664531735e-03
5.329119401224767169e-03
5.330071284125388609e-03
5.327426758813903762e-03
5.327961351475620291e-03
5.322750174672453809e-03
5.319825214994143396e-03
5.314828209435018547e-03
5.306966877477835819e-03
5.301930162441195749e-03
5.291095596200141339e-03
5.283061557840126009e-03
5.272255885779402948e-03
5.259289818120342630e-03
5.248769761876051314e-03
5.232510337633226177e-03
5.219435380867403287e-03
5.203047594524859605e-03
5.185157460816675751e-03
5.169337111736298576e-03
5.147909941488284895e-03
5.129945117997093337e-03
5.108260004834168540e-03
5.085631942793693988e-03
5.064723088865180113e-03
5.038421511758536114e-03
5.015782917208003004e-03
4.989106408027891085e-03
4.961990902721902762e-03
4.936321297150622275e-03
4.905454034527700208e-03
4.878407037560431730e-03
4.847132527933704221e-03
4.815816814206615865e-03
4.785738724438316945e-03
4.750657974770351386e-03
4.719531023571938572e-03
4.684067463149995877e-03
4.648870464037281949e-03
4.614808192168662684e-03
4.575904967382370819e-03
4.541071490722792953e-03
4.501875444607419258e-03
4.463147853481548230e-03
4.425547675721279439e-03
4.383230844784243539e-03
4.345080599630199956e-03
4.302617315700215002e-03
4.260747342485031279e-03
4.220092637674465255e-03
4.174790485636899889e-03
4.133764083278244385e-03
4.088551169178121329e-03
4.043949355358863670e-03
4.000755639054947785e-03
3.952948203586628857e-03
3.909511781791803232e-03
3.862075679526594252e-03
3.815178196746771885e-03
3.769979924842790583e-03
3.720138102373428315e-03
3.674754074231467021e-03
3.625645918839241495e-03
3.576881067160764434e-03
3.530202102018660960e-03
3.478827460551218997e-03
3.431958792579786234e-03
3.381737686806745267e-03
3.331564800626804837e-03
3.283950902549817759e-03
3.231565387921666622e-03
3.183663802542782001e-03
3.132893746961070564e-03
3.081765573544591359e-03
3.033722336701707729e-03
2.980845992527744216e-03
2.932357320010967831e-03
2.881604700459611604e-03
2.829973403001011419e-03
2.782007631622588836e-03
2.729195644846567868e-03
2.680537366177583678e-03
2.630361581736329578e-03
2.578689902284922453e-03
2.531256085799571398e-03
2.479052098121479510e-03
2.430614979765801688e-03
2.381561173957409596e-03
2.330304583862558183e-03
2.283799735431559820e-03
2.232763621267717848e-03
2.184901563644116133e-03
2.137460544497239278e-03
2.087099060619937267e-03
2.041876197823258837e-03
1.992566833625452824e-03
1.945624595963067055e-03
1.900241003773308051e-03
1.851273171791114171e-03
1.807636343478099313e-03
1.760602111924652272e-03
1.714919417832140060e-03
1.671981550654795968e-03
1.624899774494849725e-03
1.583057982692589105e-03
1.538810412369248171e-03
1.494696588426630340e-03
1.454483090002947924e-03
1.409830961674153876e-03
1.369953883285390719e-03
1.328969567283364971e-03
1.286805418728837434e-03
1.249508378446464573e-03
1.207839501064436518e-03
1.170062998500110861e-03
1.132709451425905744e-03
1.092887447451450309e-03
1.058580725489314395e-03
1.020425812112715769e-03
9.848632564358130066e-04
9.514098776539480634e-04
9.143897120525800283e-04
8.830296807420965005e-04
8.488962170345563680e-04
8.157017760216575802e-04
7.862403353057309963e-04
7.525487143054860901e-04
7.240276885490708669e-04
6.943179411788858715e-04
6.637357248903885329e-04
6.381960192799936713e-04
6.083836488615541058e-04
5.825760045017895801e-04
5.575423104310841139e-04
5.299076145017755620e-04
5.080488188534183248e-04
4.826644229255312377e-04
4.594692752424553482e-04
4.391333408420981690e-04
4.149306417524730893e-04
3.963744588401318068e-04
3.758422097469347025e-04
3.553042014670694526e-04
3.394370478161293616e-04
3.192282880603837742e-04
3.035597027192822985e-04
2.881153119403227769e-04
2.704694066937484093e-04
2.585868955408582065e-04
2.429697410955461748e-04
2.298586640092956752e-04
2.194187076390490617e-04
2.051435855341126485e-04
1.965864159940085591e-04
1.860088136407579435e-04
1.753616530607669127e-04
1.694851955417087282e-04
1.592129402904748697e-04
1.533056245058406599e-04
1.479308413220094297e-04
1.399820680631358861e-04
1.378859261989717104e-04
1.322661370482107761e-04
1.285352687461909795e-04
1.280766060822258006e-04
1.234046984816539443e-04
1.241535235220431557e-04
1.236125540069277304e-04
1.219788287764303269e-04
1.256669253769200287e-04
1.250353889163214141e-04
1.277755088285241849e-04
1.322572928691577085e-04
1.331337637386810361e-04
1.398278498909255683e-04
1.439028529927073433e-04
1.482000628482634018e-04
1.570077155730547724e-04
1.612089616653111367e-04
1.697398310853202418e-04
1.787171595296905950e-04
1.847830400432585269e-04
1.966638056616389898e-04
2.050585667498034065e-04
2.146490061199972745e-04
2.279533862677001485e-04
2.366054530087611206e-04
2.501098194245271336e-04
2.631265461453640960e-04
2.737781945801404321e-04
2.900770969888099627e-04
3.023621879176621469e-04
3.164172192754427363e-04
3.336034317304791366e-04
3.461385674397174589e-04
3.637426411468639136e-04
3.803023448636254551e-04
3.947444063846168626e-04
4.146819458914660335e-04
4.303267364575803300e-04
4.479135336564330958e-04
4.683631669794838031e-04
4.840802486915116794e-04
5.048505947756363414e-04
5.244061572279660457e-04
5.417414026427004202e-04
5.645122952896897053e-04
5.829068178894805403e-04
6.030169258702137774e-04
6.260678142878360608e-04
6.441899518234937014e-04
6.671494278136308942e-04
6.891183631420653120e-04
7.084049890731814727e-04
7.331710107244872885e-04
7.536932899637708173e-04
7.752858660251022316e-04
8.002526079473547792e-04
8.200249872761596233e-04
8.441411190828222375e-04
8.679306868053650141e-04
8.882492542902596655e-04
9.140781323942572586e-04
9.361383549639802886e-04
9.581759030056132302e-04
9.842847511839910787e-04
1.005041694109933513e-03
1.029245008398928934e-03
1.054234879805914134e-03
1.074782233239438434e-03
1.100661741056437742e-03
1.123739063784289817e-03
1.145263891051330040e-03
1.171641387329019294e-03
1.192871437634269397e-03
1.216072637534568873e-03
1.241583626418459301e-03
1.261771202314886271e-03
1.286569970241965757e-03
1.310186605627182161e-03
1.330438111217596307e-03
1.356027893301767944e-03
1.377408374264308885e-03
1.398635231016856321e-03
1.423812994860426673e-03
1.443346386165457983e-03
1.465898908842788555e-03
1.489498209263846393e-03
1.508051971147367004e-03
1.531608032944228566e-03
1.552909076730157704e-03
1.571471572406846163e-03
1.595170570932863408e-03
1.614051010519940849e-03
1.633326866551022827e-03
1.656082118904229688e-03
1.673005214787633838e-03
1.693201059100784243e-03
1.714037036920431625e-03
1.729803001315526490e-03
1.750576678349995315e-03
1.768914051349706508e-03
1.784375849422563474e-03
1.804959924159512015e-03
1.820702635792359513e-03
1.836483559958928700e-03
1.855959059905206571e-03
1.869491616336206065e-03
1.885815524031778144e-03
1.903327007576935837e-03
1.915313480155238571e-03
1.931979230137050160e-03
1.946973352084725370e-03
1.958160326291122615e-03
1.974607849506191705e-03
1.986894841629541567e-03
1.997896075368259684e-03
2.013392306877514852e-03
2.023164390450693517e-03
2.034323265150102169e-03
2.048128578513346357e-03
2.055859009479106460e-03
2.067204929704334788e-03
2.078730273325263885e-03
2.085013421456360407e-03
2.096273557359178401e-03
2.105192307283993911e-03
2.110632726997053576e-03
2.121331379786912594e-03
2.127581535545544893e-03
2.132641879534304119e-03
2.142213069459060482e-03
2.145994982385633805e-03
2.150946833315035833e-03
2.158841129691072003e-03
2.160528241610441824e-03
2.165423635292657543e-03
2.171200629017726660e-03
2.171255334671900409e-03
2.175951037979307386e-03
2.179335525870931562e-03
2.178228540443023602e-03
2.182440037593402250e-03
2.183335959133467317e-03
2.181478042288910804e-03
2.184850343394166301e-03
2.183326370707243304e-03
2.181010494511716018e-03
2.183169112558921814e-03
2.179433346587968980e-03
2.176841568104913478e-03
2.177451810612569209e-03
2.171782226035218893e-03
2.168961992179433730e-03
2.167767200555509831e-03
2.160496710651355935e-03
2.157406856380298873e-03
2.154242319841956962e-03
2.145692690752125896e-03
2.142210862455909068e-03
2.137006106533476807e-03
2.127472691047803226e-03
2.123440573655208281e-03
2.116215937673135167e-03
2.105947671324833338e-03
2.101196095873202659e-03
2.092045296594566457e-03
2.081237578323701532e-03
2.075605647392994579e-03
2.064662878129632471e-03
2.053444955753219378e-03
2.046799610446689045e-03
2.034239432440545798e-03
2.022697016892409296e-03
2.014941291816810427e-03
2.000949728132395220e-03
1.989128524399003985e-03
1.980209009616562023e-03
1.964977405517239276e-03
1.952898040392679006e-03
1.942797804894383796e-03
1.926497407016219878e-03
1.914155153509468875e-03
1.902896181875588216e-03
1.885689123345034128e-03
1.873073796625765192e-03
1.860709542951338941e-03
1.842741067266694989e-03
1.829843553419885274e-03
1.816449948706614931e-03
1.797838754774433879e-03
1.784648176794791487e-03
1.770317064573724173e-03
1.751161099493280145e-03
1.737674665600578375e-03
1.722516776044064838e-03
1.702903642594679259e-03
1.689131342015895171e-03
1.673266415392990047e-03
1.653264845933104374e-03
1.639220848104002868e-03
1.622774059237038023e-03
1.602443466493945305e-03
1.588151601548909529e-03
1.571250842795095378e-03
1.550637584090971879e-03
1.536126158296334445e-03
1.518907553223914058e-03
1.498057277762125921e-03
1.483353727152747058e-03
1.465943818105351192e-03
1.444889636455070269e-03
1.430022328465605170e-03
1.412559678128857184e-03
1.391343769763536513e-03
1.376336388357026147e-03
1.358952132528974633e-03
1.337613686810659643e-03
1.322484467586856243e-03
1.305317397205040409e-03
1.283908731339657508e-03
1.268664515661283498e-03
1.251846114080371920e-03
1.230426218179447341e-03
1.215058706694952754e-03
1.198716648501652396e-03
1.177363394377910384e-03
1.161849732856374716e-03
1.146099556589502168e-03
1.124910079250327020e-03
1.109211885459577326e-03
1.094153905074776029e-03
1.073254121840632250e-03
1.057320599507831664e-03
1.043028460220624294e-03
1.022577377475409211e-03
1.006356133366694992e-03
9.928695539640948215e-04
9.730575789466559605e-04
9.564956509102846794e-04
9.438007722524426133e-04
9.248481255402377435e-04
9.079145447251881417e-04
8.959379904177617714e-04
8.780859050569632049e-04
8.607894800542363134e-04
8.493910449984777220e-04
8.328899730037689873e-04
8.153066157801419547e-04
8.042735949361785441e-04
7.893455906072123322e-04
7.716351975312887509e-04
7.606969158304490710e-04
7.475119738648836661e-04
7.299488622655053195e-04
7.188033209928629957e-04
7.074239506315914503e-04
6.903885598227851384e-04
6.787394135201502317e-04
6.690771541960924360e-04
6.530500292604150174e-04
6.406812616823014117e-04
6.324654559429523622e-04
6.179789144017445741e-04
6.048308694053133611e-04
5.976017725002265605e-04
5.851606979743795072e-04
5.714060045663439365e-04
5.645457298955910801e-04
5.545051778227835749e-04
5.405897861270403740e-04
5.334139142199355917e-04
5.258553902975444862e-04
5.124936038058866246e-04
5.044076331000792082e-04
4.990397141210983593e-04
4.871229910251416591e-04
4.778115444809622392e-04
4.739337840508780998e-04
4.643371508375493156e-04
4.539389829323283343e-04
4.505255917544356142e-04
4.438436199850019485e-04
4.330483175921721840e-04
4.289826608659340866e-04
4.252562717177975631e-04
4.152341872748183766e-04
4.096719009604443944e-04
4.082183302493218270e-04
4.003236113345569336e-04
3.930810034189516312e-04
3.925635087482590851e-04
3.878509442668183504e-04
3.796474659136812174e-04
3.784554698734656376e-04
3.771588621597312448e-04
3.695322981429225123e-04
3.664241324369085133e-04
3.676428510875728688e-04
3.624280649611044008e-04
3.572064437321436888e-04
3.590658448012855591e-04
3.575411234811690401e-04
3.513988992795527870e-04
3.517999387638679897e-04
3.538516467310494351e-04
3.490214785443094625e-04
3.467743264746678809e-04
3.506398671297639635e-04
3.492859389315995308e-04
3.450197841370967913e-04
3.480085026650625883e-04
3.508200618080181818e-04
3.469507057561221669e-04
3.470196714136821988e-04
3.524089766993162773e-04
3.518167266196137828e-04
3.491464512291563558e-04
3.539052840371143655e-04
3.578535875739612647e-04
3.551509597234061471e-04
3.566099659735250463e-04
3.633824379227581537e-04
3.641434530570314388e-04
3.624752201685451400e-04
3.682307385725582449e-04
3.738297638447621828e-04
3.724064724183626606e-04
3.742137260446819257e-04
3.822008153575392640e-04
3.849890143973475412e-04
3.837849320690600325e-04
3.895367456375909559e-04
3.971852077793323540e-04
3.974962551161113997e-04
3.986169291981212989e-04
4.071133632833616890e-04
4.127262360813201071e-04
4.120645666567739301e-04
4.164114857577676633e-04
4.258250867020149893e-04
4.289870545431803879e-04
4.289748020400510620e-04
4.362736221784232994e-04
4.450568855683641797e-04
4.462941933858923351e-04
4.480058648582613051e-04
4.573293952486262798e-04
4.646150967315980829e-04
4.648113600101059606e-04
4.686138382535235541e-04
4.789302494241596815e-04
4.844982820712160840e-04
4.844411479977592358e-04
4.901618802902523928e-04
5.006704741989452360e-04
5.047069365583210787e-04
5.048725632491372862e-04
5.120649100037169207e-04
5.223124297411625054e-04
5.251685964950443411e-04
5.256946986764045445e-04
5.338393732906580782e-04
5.436824546913589760e-04
5.457176677375009596e-04
5.464728841865743210e-04
5.550782002195562941e-04
5.645928730365426269e-04
5.661256866548808548e-04
5.668153745047490710e-04
5.754391098347219017e-04
5.848319190486361971e-04
5.861586035185188323e-04
5.863984675128460552e-04
5.945764913540979059e-04
6.040868193092963946e-04
6.055653886629832738e-04
6.050034330164404204e-04
6.121880450225087797e-04
6.219753946339702305e-04
6.240844984923702224e-04
6.225123812587042733e-04
6.279964824153249411e-04
6.379763860180839852e-04
6.413621926495097648e-04
6.389516495781170057e-04
6.419316854424114791e-04
6.515384925438635596e-04
6.568526958957873708e-04
6.543708345120491290e-04
6.541992803703238022e-04
6.621789656286078104e-04
6.696703684642968651e-04
6.686079188982570632e-04
6.653931957435134294e-04
6.698833204700264075e-04
6.786498706422928800e-04
6.808002876518813324e-04
6.761805621904350139e-04
6.755727985136813270e-04
6.829521657131917747e-04
6.890556844107534893e-04
6.863722564811608343e-04
6.811173797942314014e-04
6.833181378029870448e-04
6.910796893552961957e-04
6.935961968387909177e-04
6.878003021644574309e-04
6.829683599586135320e-04
6.866723492991948620e-04
6.935175036553816634e-04
6.931817442162923953e-04
6.854814059734453367e-04
6.805467712155694598e-04
6.843130794757512625e-04
6.902093168424910507e-04
6.884009020599610520e-04
6.793098467999770466e-04
6.729335381481127854e-04
6.753733073828659594e-04
6.808267813872862992e-04
6.792722619706034921e-04
6.693724951777399587e-04
6.600529244024032046e-04
6.592456653476780294e-04
6.641684064650052368e-04
6.648324676306508569e-04
6.560143985290710833e-04
6.432829608623419609e-04
6.364247066792403165e-04
6.383239105208144467e-04
6.418831842404185964e-04
6.379220328379322114e-04
6.250064612916121122e-04
6.107892079790836447e-04
6.039767179040457729e-04
6.055726478851435057e-04
6.080659067645580521e-04
6.028292662748814144e-04
5.882163166551995868e-04
5.708744893941739180e-04
5.595931618612218477e-04
5.576192647898537552e-04
5.600849287625796202e-04
5.582482828826178418e-04
5.465613908086590757e-04
5.268164041574894228e-04
5.065234526422272366e-04
4.932713065840606433e-04
4.894536145989699608e-04
4.908975501876978228e-04
4.898427838303234458e-04
4.798765233511449843e-04
4.596064188447238682e-04
4.331269365717289031e-04
4.074805109727500010e-04
3.888980887070776966e-04
3.798861615107361695e-04
3.783881744887150991e-04
3.790121716882084864e-04
3.753994815014461924e-04
3.625515575518739380e-04
3.382527957604983346e-04
3.033063785669116909e-04
2.608121979979479213e-04
2.149779126084401103e-04
1.699525875916810833e-04
1.290032998293809798e-04
9.414174801486148263e-05
6.614083040867285560e-05
4.479722152562275422e-05
2.928775764239313135e-05
1.850534506043807450e-05
1.131271262803909966e-05
6.697885271650327653e-06
3.844281969765486444e-06
2.140767528332843983e-06
1.157546734066854031e-06
6.081784528357463722e-07
3.106913327197307237e-07
1.544155126945580975e-07
7.470551429508079304e-08
3.519904055907272401e-08
1.615935287196336923e-08
7.231265068631581206e-09
3.155506517759859865e-09
1.343204220371334462e-09
5.579231332995369793e-10
2.262016386221423719e-10
8.954168985846209627e-11
3.461563419159312998e-11
1.307184765972083444e-11
4.822931484141992024e-12
1.738915539435245664e-12
6.127955822778050790e-13
2.111018410520118282e-13
7.110017213712145781e-14
2.341576341807915393e-14
7.541469496695282541e-15
2.375521757151751114e-15
7.319097123519683258e-16
2.205903411147495648e-16
6.503933909132098481e-17
1.876082271125151020e-17
5.294619466214757636e-18
1.461979746382737318e-18
3.949881611500538301e-19
1.044169946650972270e-19
2.700890246754643453e-20
6.835836016269284041e-21
1.692862713713587702e-21
4.101945600144824319e-22
9.724896799723496938e-23
2.255756569125548549e-23
5.119093600660884834e-24
1.136489248069743388e-24
2.468215956630017126e-25
5.243448584431053022e-26
1.089516198625766940e-26
2.214095082921228125e-27
4.400115540582628959e-28
8.550523196039789330e-29
1.624552761913876211e-29
3.017416830734192053e-30
5.478239591199965226e-31
9.720548844245644605e-32
1.685467138900450240e-32
2.855360695025300415e-33
4.725414829674969391e-34
7.638002322009905739e-35
1.205586843811672366e-35
1.857844191019436550e-36
2.794604883831530190e-37
4.102371676227141302e-38
5.875581596276739154e-39
8.208432517060179985e-40
1.118277467393769952e-40
1.485249096613696025e-41
1.922575822667336921e-42
2.424764412440834886e-43
2.978639719606640216e-44
3.562721532531468132e-45
4.147693336681984430e-46
4.698178025132564875e-47
5.175817277494770996e-48
5.543377356020496696e-49
5.769333800159430825e-50
5.832193603136772539e-51
5.723761567247270020e-52
5.450683789440647342e-53
5.033895594369259138e-54
4.506004033024403674e-55
3.907050067734559199e-56
3.279416955452702516e-57
2.662796097015875829e-58
2.090055834293635811e-59
1.584608019406332790e-60
1.159507442134931561e-61
8.181505417385961372e-63
5.561545295354329770e-64
3.638536463332331123e-65
2.288560612004338137e-66
1.382304669913400132e-67
8.007816984464459583e-69
4.443392781012037396e-70
2.358194413879254637e-71
1.195171393603119024e-72
5.774685256339795606e-74
2.655024161820566373e-75
1.159226797264343923e-76
4.795765400018326292e-78
1.875276931484842653e-79
6.911962736611973783e-81
2.394078417819637385e-82
7.765792386285092371e-84
2.349948588523579446e-85
6.604439315052940475e-87
1.715185938974679025e-88
4.091858466598668298e-90
8.905358086391212474e-92
1.753528932887722300e-93
3.092813634868382058e-95
4.826051117154733323e-97
6.558445907795758609e-99
7.603940805113312140e-101
7.312794866259731953e-103
5.600393745328453329e-105
3.202047298641283288e-107
1.214983754513936551e-109
2.294668251905481439e-112
