3.164237079001507719e-02
2.854918736053834935e-02
2.590781826305579155e-02
2.407740958517197438e-02
2.301095277949543119e-02
2.248190590654785409e-02
2.225272867766548909e-02
2.215839240529992107e-02
2.210999466675858324e-02
2.207708663425477641e-02
2.205242957231505138e-02
2.203811019090018419e-02
2.203235185623223652e-02
2.203355089643458525e-02
2.203761783901420773e-02
2.204399353629042657e-02
2.205120946610737709e-02
2.206077508885258970e-02
2.207173102327030650e-02
2.208498150842112470e-02
2.209907020647636222e-02
2.211463989014997300e-02
2.213022166221580850e-02
2.214656647587047444e-02
2.216266097589204842e-02
2.217937250920894859e-02
2.219572821976169286e-02
2.221247447087154950e-02
2.222884164975572757e-02
2.224562916233648741e-02
2.226216291109424372e-02
2.227911200900212912e-02
2.229574095523022964e-02
2.231266788799528972e-02
2.232927592724635521e-02
2.234611273399859238e-02
2.236266387777721687e-02
2.237928734308623074e-02
2.239551661870442523e-02
2.241169701166080552e-02
2.242736450918584451e-02
2.244293253707986893e-02
2.245803087179069901e-02
2.247294549450182255e-02
2.248733372504025177e-02
2.250147723704057703e-02
2.251530386750266732e-02
2.252907888058177169e-02
2.254252476922203804e-02
2.255556298106696847e-02
2.256798517485140293e-02
2.257966857217404144e-02
2.259082315111274331e-02
2.260136190877881299e-02
2.261161435376716003e-02
2.262120548440913273e-02
2.263059675036767360e-02
2.263913124138283370e-02
2.264743492896463539e-02
2.265471072990709461e-02
2.266178267598542226e-02
2.266775441900428789e-02
2.267360684111310865e-02
2.267831876382491937e-02
2.268295218913560923e-02
2.268630762374190118e-02
2.268966459416801862e-02
2.269160419895446465e-02
2.269367976912076146e-02
2.269425295388963204e-02
2.269506106632984688e-02
2.269427282775140359e-02
2.269375278953156272e-02
2.269156151535049390e-02
2.268969619391132675e-02
2.268610439503620721e-02
2.268290688932132759e-02
2.267793121803589329e-02
2.267340887970289987e-02
2.266710499337183660e-02
2.266128817464436312e-02
2.265365793776365905e-02
2.264656310172798517e-02
2.263761510020117704e-02
2.262927911491969049e-02
2.261901380421079896e-02
2.260946558351575528e-02
2.259797610896273345e-02
2.258721265381065726e-02
2.257453364984303781e-02
2.256267360075653317e-02
2.254882279909560180e-02
2.253592043804805017e-02
2.252099881897666814e-02
2.250705133445520673e-02
2.249114905254654892e-02
2.247627216064961020e-02
2.245938082559646720e-02
2.244359144033125641e-02
2.242581383383426136e-02
2.240916726552662566e-02
2.239059345628028122e-02
2.237321592156513855e-02
2.235394207813931958e-02
2.233585921520776438e-02
2.231597114293172590e-02
2.229726858399901784e-02
2.227686175124613671e-02
2.225765816545777903e-02
2.223681138558109699e-02
2.221716386041952193e-02
2.219594861056922719e-02
2.217592511410068981e-02
2.215444026267930633e-02
2.213416765223562982e-02
2.211253462907702624e-02
2.209209262288099052e-02
2.207039446276524985e-02
2.204986411644172667e-02
2.202819741165275291e-02
2.200767486388614802e-02
2.198619080303028037e-02
2.196578400077042401e-02
2.194455375177848874e-02
2.192430858959282594e-02
2.190347902481806081e-02
2.188352771744001002e-02
2.186317288640630963e-02
2.184359562188561629e-02
2.182383048451734878e-02
2.180470182206275392e-02
2.178564913570356712e-02
2.176713127058716585e-02
2.174884142782439536e-02
2.173100489799029145e-02
2.171359406021411073e-02
2.169654853054901744e-02
2.168010255326568297e-02
2.166396223810336183e-02
2.164854935730659014e-02
2.163337666472392451e-02
2.161914242459998456e-02
2.160502502885521675e-02
2.159207258649580713e-02
2.157908195982238472e-02
2.156747181338887487e-02
2.155567836897955003e-02
2.154552223211447098e-02
2.153499882898528284e-02
2.152632766146788182e-02
2.151720478109152637e-02
2.151007407465894278e-02
2.150241759268220476e-02
2.149687748950676602e-02
2.149080952633023248e-02
2.148691925658687343e-02
2.148249725251494616e-02
2.148034368185497422e-02
2.147762290785840134e-02
2.147726136618876430e-02
2.147628934822351163e-02
2.147779878977378043e-02
2.147864661226986729e-02
2.148205080814642731e-02
2.148477961003308206e-02
2.149008360347624824e-02
2.149476827812308449e-02
2.150196764657021781e-02
2.150867731548682105e-02
2.151779767739138427e-02
2.152657415706499960e-02
2.153765010053980411e-02
2.154850924444678267e-02
2.156156712078757809e-02
2.157452505943605742e-02
2.158958048376166672e-02
2.160466257749798016e-02
2.162170406144402202e-02
2.163893713189653928e-02
2.165795972068102621e-02
2.167734597108903274e-02
2.169836449154975352e-02
2.171989181330264904e-02
2.174289310598736397e-02
2.176657128508862823e-02
2.179152390675203471e-02
2.181735516440636014e-02
2.184421910568586089e-02
2.187221132192361875e-02
2.190094640596985595e-02
2.193107034076116624e-02
2.196165202744017331e-02
2.199387039999925811e-02
2.202628127288823456e-02
2.206051760431313249e-02
2.209476354761129302e-02
2.213092850072623241e-02
2.216698314626728422e-02
2.220504788084457989e-02
2.224283843062973415e-02
2.228274367011701812e-02
2.232218033508446067e-02
2.236390224088961182e-02
2.240492920389307308e-02
2.244836922391357445e-02
2.249097161359077737e-02
2.253600374368499790e-02
2.258013969067270560e-02
2.262665458926256187e-02
2.267230355568685893e-02
2.272016014282639274e-02
2.276725673489848889e-02
2.281636983995435908e-02
2.286480024264249400e-02
2.291512915804557599e-02
2.296478098903791468e-02
2.301620929622048145e-02
2.306702006867831362e-02
2.311941810313447587e-02
2.317133109066494071e-02
2.322454424958456803e-02
2.327747131089811031e-02
2.333140122455875515e-02
2.338521689892181232e-02
2.343977110547931092e-02
2.349436650305643942e-02
2.354940268444242341e-02
2.360470662347865373e-02
2.366007856564571188e-02
2.371600492285846906e-02
2.377160738743102492e-02
2.382797592072877224e-02
2.388373264194092183e-02
2.394040389904491389e-02
2.399616553123200269e-02
2.405304449273241649e-02
2.410872067947322089e-02
2.416559575794115233e-02
2.422115853196282059e-02
2.427788022397121825e-02
2.433311082058972966e-02
2.438969186253736945e-02
2.444443083966361951e-02
2.450060504049628510e-02
2.455493521007175162e-02
2.461044032864621173e-02
2.466422262063784968e-02
2.471905488688994762e-02
2.477204812471084372e-02
2.482607536416907637e-02
2.487824144646075958e-02
2.493123554097746372e-02
2.498251953499264905e-02
2.503431446335148761e-02
2.508456286939551166e-02
2.513508269555852354e-02
2.518417411625218510e-02
2.523318959926452651e-02
2.528112077833928606e-02
2.532853737757576051e-02
2.537503573431638265e-02
2.542073867101555390e-02
2.546581465579007830e-02
2.550969530128698384e-02
2.555311110960815923e-02
2.559501979922189363e-02
2.563678941015419890e-02
2.567664153904797991e-02
2.571647158206000899e-02
2.575425196789803833e-02
2.579214639137625276e-02
2.582759769836431157e-02
2.586332323738065042e-02
2.589643746553708936e-02
2.592997532541684719e-02
2.596073346111606173e-02
2.599183174865836096e-02
2.602010508937378092e-02
2.604869498810667011e-02
2.607448883252285951e-02
2.610043315701389768e-02
2.612365985362624654e-02
2.614686521182606194e-02
2.616747033717052584e-02
2.618786132208911210e-02
2.620584199752363022e-02
2.622314483425229603e-02
2.623845862927324038e-02
2.625276600684668671e-02
2.626524297380952722e-02
2.627645722877027662e-02
2.628606481171985587e-02
2.629400823529501330e-02
2.630075406820463202e-02
2.630541898926971878e-02
2.630918782002594769e-02
2.631062200081854194e-02
2.631142171737439750e-02
2.630950415508701706e-02
2.630716514243898116e-02
2.630187836342147076e-02
2.629638751385608014e-02
2.628779619083618582e-02
2.627907520115918549e-02
2.626706791002653835e-02
2.625504109547261225e-02
2.623982899815917313e-02
2.622442612643167970e-02
2.620596450241930581e-02
2.618718456177540621e-02
2.616542680228908790e-02
2.614322744542908403e-02
2.611823706214271013e-02
2.609255217233151514e-02
2.606444226283630497e-02
2.603532925184584221e-02
2.600402372011114890e-02
2.597135828562571747e-02
2.593701008185451268e-02
2.590089079893255486e-02
2.586336671485601341e-02
2.582379726081861920e-02
2.578319750675486799e-02
2.574019565823602862e-02
2.569657855520678796e-02
2.565017957180922709e-02
2.560347170859150756e-02
2.555384823061634600e-02
2.550414345578556896e-02
2.545135148241385592e-02
2.539856751649189476e-02
2.534269173930520092e-02
2.528686341042371555e-02
2.522798440122301505e-02
2.516914701702410023e-02
2.510746718617033052e-02
2.504568146066542267e-02
2.498126435122292183e-02
2.491644398673245608e-02
2.484940308151682015e-02
2.478170642807581842e-02
2.471211977032829188e-02
2.464159074093928356e-02
2.456959680332172422e-02
2.449624536651711509e-02
2.442198109387307137e-02
2.434598622081778421e-02
2.426949035399218052e-02
2.419096138939390989e-02
2.411227479371130106e-02
2.403134134795786858e-02
2.395064905561226920e-02
2.386744182390291083e-02
2.378459297394473065e-02
2.369923892314053718e-02
2.361445622629422189e-02
2.352719029986047664e-02
2.344056440415795417e-02
2.335151132543634295e-02
2.326298066256738545e-02
2.317228295575909230e-02
2.308197924372305462e-02
2.298993590382201677e-02
2.289801780856527344e-02
2.280475939824232190e-02
2.271125198218261476e-02
2.261688211716450514e-02
2.252193115754154429e-02
2.242654209568807969e-02
2.233024079201200579e-02
2.223404076829962883e-02
2.213652395484741464e-02
2.203953828725783298e-02
2.194103535159760976e-02
2.184339857350673514e-02
2.174398989561802248e-02
2.164582107277039646e-02
2.154576657218163632e-02
2.144710839761940560e-02
2.134668938101818431e-02
2.124758758431485525e-02
2.114686882659704351e-02
2.104744818029485875e-02
2.094678068132208720e-02
2.084713176118986946e-02
2.074656913304183045e-02
2.064674146121083659e-02
2.054650113966480576e-02
2.044661306000627315e-02
2.034682869487569948e-02
2.024703360923398726e-02
2.014787883774207117e-02
2.004828433378378141e-02
1.994981062806254132e-02
1.985058213312958231e-02
1.975292245252927709e-02
1.965428462804166138e-02
1.955751222413984122e-02
1.945963852901330671e-02
1.936381944268309244e-02
1.926691208817682410e-02
1.917209365142111266e-02
1.907639017109531709e-02
1.898263589013934882e-02
1.888827857565176724e-02
1.879566746702491728e-02
1.870283968633651428e-02
1.861141633315115118e-02
1.852024479068214990e-02
1.843010831397236260e-02
1.834078266231873450e-02
1.825197362609453505e-02
1.816455269067383110e-02
1.807729116617330656e-02
1.799188985657819081e-02
1.790626605224258580e-02
1.782287949877481986e-02
1.773910066687350851e-02
1.765782424011433024e-02
1.757603621009320299e-02
1.749689305783293236e-02
1.741724540213510780e-02
1.734019168436874009e-02
1.726288338438710518e-02
1.718799050018777683e-02
1.711315094304224210e-02
1.704041334354635187e-02
1.696817972576816075e-02
1.689758376794323058e-02
1.682807139994720730e-02
1.675974328141406275e-02
1.669304667065983627e-02
1.662702417886646744e-02
1.656311226914480156e-02
1.649950441194316525e-02
1.643843709706257344e-02
1.637736128954821527e-02
1.631911439325418878e-02
1.626071234219807898e-02
1.620527713244665838e-02
1.614966552542868375e-02
1.609697700144293794e-02
1.604423476685038971e-02
1.599423755215802906e-02
1.594453676795979519e-02
1.589717344100587820e-02
1.585058218209006026e-02
1.580584713910657135e-02
1.576244348898984959e-02
1.572037011644448687e-02
1.568014834609690600e-02
1.564070868437324180e-02
1.560364556918485135e-02
1.556697486874905265e-02
1.553300962651199373e-02
1.549913239157581571e-02
1.546820036443080464e-02
1.543714559100803005e-02
1.540917750722872563e-02
1.538108699214830663e-02
1.535594057485524175e-02
1.533088937458915862e-02
1.530845027771795749e-02
1.528649447139954903e-02
1.526667932628308043e-02
1.524784365587565638e-02
1.523060621266127991e-02
1.521486117938828340e-02
1.520016459156500223e-02
1.518750810238457538e-02
1.517532638407381382e-02
1.516566575439383217e-02
1.515605044979061178e-02
1.514924114252723039e-02
1.514220213885113589e-02
1.513811103154680433e-02
1.513371231877469469e-02
1.513214044904877612e-02
1.513044723948349379e-02
1.513127028329477528e-02
1.513228296663343686e-02
1.513535493293300706e-02
1.513907833314080686e-02
1.514428468594526331e-02
1.515066429107724856e-02
1.515792866091987719e-02
1.516689603986298707e-02
1.517614430795462266e-02
1.518756862317439775e-02
1.519879369466330468e-02
1.521251592034360278e-02
1.522571934587868721e-02
1.524154371292331736e-02
1.525674845564029686e-02
1.527447578284919609e-02
1.529171487400019652e-02
1.531112084742161823e-02
1.533039055311286383e-02
1.535131727080648115e-02
1.537258793701571334e-02
1.539488150354687349e-02
1.541805023323962118e-02
1.544161960694876573e-02
1.546658161412050800e-02
1.549134675753303242e-02
1.551795972272133374e-02
1.554387024961198342e-02
1.557191885017833281e-02
1.559896830503859633e-02
1.562822065803411847e-02
1.565643958851269113e-02
1.568669335473930199e-02
1.571607820300775088e-02
1.574703979849033375e-02
1.577761209704835188e-02
1.580910537872902769e-02
1.584077540174168297e-02
1.587277150930030412e-02
1.590538685938924779e-02
1.593767181258946841e-02
1.597113626724388363e-02
1.600368075370305412e-02
1.603778019402806940e-02
1.607056065380321058e-02
1.610508815475227701e-02
1.613810917259263580e-02
1.617277118413818285e-02
1.620606086849467678e-02
1.624066947415225837e-02
1.627420676758200430e-02
1.630854292547845308e-02
1.634232872741177983e-02
1.637618703092993261e-02
1.641008686170873990e-02
1.644338724655005149e-02
1.647727933325941752e-02
1.650994857779138764e-02
1.654364473361607385e-02
1.657565275352125556e-02
1.660897484114243206e-02
1.664036127506838408e-02
1.667301065000191540e-02
1.670380245597102506e-02
1.673554859849203311e-02
1.676575968156999996e-02
1.679640977694759132e-02
1.682600231100647714e-02
1.685539360801625516e-02
1.688434332974638602e-02
1.691230321657059485e-02
1.694050254925892965e-02
1.696707402600746914e-02
1.699430401483762593e-02
1.701946571621533802e-02
1.704551174971444608e-02
1.706925300363629910e-02
1.709391702660342099e-02
1.711637116637744482e-02
1.713940305834022251e-02
1.716055552411692442e-02
1.718176856483899506e-02
1.720171162472760445e-02
1.722093133976918683e-02
1.723952946698066938e-02
1.725674382686148353e-02
1.727389780587570978e-02
1.728906439448386900e-02
1.730466335391387181e-02
1.731782326807851380e-02
1.733163688476834635e-02
1.734285982667043216e-02
1.735466626492629394e-02
1.736406643560282209e-02
1.737366723357578607e-02
1.738134825382432747e-02
1.738864834477686291e-02
1.739462402855930165e-02
1.739946532692916714e-02
1.740368256323376536e-02
1.740607287678572548e-02
1.740842092273682876e-02
1.740835405446858677e-02
1.740869211801866767e-02
1.740632172701638350e-02
1.740446019420643919e-02
1.739990164102249784e-02
1.739562900948380536e-02
1.738901618605213223e-02
1.738219767420592921e-02
1.737362734863135902e-02
1.736418982269937600e-02
1.735367454401427756e-02
1.734154799988198506e-02
1.732907755299568919e-02
1.731435834967101628e-02
1.729981228901490004e-02
1.728259181773796754e-02
1.726581885976560815e-02
1.724628401385053938e-02
1.722711919268390263e-02
1.720540185410891071e-02
1.718368607245756088e-02
1.715995467969019805e-02
1.713559315510197398e-02
1.710995538793984999e-02
1.708293406377034418e-02
1.705538506375387300e-02
1.702574381527341071e-02
1.699623625136454860e-02
1.696416310182033427e-02
1.693255336587982246e-02
1.689822694742012382e-02
1.686438998415853291e-02
1.682800743200432714e-02
1.679179613655363418e-02
1.675356543273794768e-02
1.671490146252360698e-02
1.667493094503143258e-02
1.663379695861724392e-02
1.659216779095732536e-02
1.654862046598747777e-02
1.650529500303161284e-02
1.645954186967940602e-02
1.641438378848389390e-02
1.636667269656727139e-02
1.631959952853088286e-02
1.627014297802687609e-02
1.622102410353836940e-02
1.617003917522578937e-02
1.611880493045527579e-02
1.606644400163290826e-02
1.601307830263810905e-02
1.595943923605391834e-02
1.590408308451412775e-02
1.584913075433341464e-02
1.579194430580245501e-02
1.573560340579445438e-02
1.567687489748886831e-02
1.561899102374385805e-02
1.555896970557949822e-02
1.549948770956735555e-02
1.543844087569968757e-02
1.537723870847790796e-02
1.531530788803736609e-02
1.525248276232273915e-02
1.518977211532948277e-02
1.512545821508346107e-02
1.506191814026523745e-02
1.499635565722621210e-02
1.493192424698508262e-02
1.486535893216962487e-02
1.479987659601633351e-02
1.473264737515503874e-02
1.466604623407458119e-02
1.459836889451114617e-02
1.453060337502043615e-02
1.446265393762549006e-02
1.439382470813766260e-02
1.432562255478115470e-02
1.425593211605584443e-02
1.418745094038722024e-02
1.411712848913261945e-02
1.404823198432934850e-02
1.397761579221743974e-02
1.390822835929160506e-02
1.383759110056220418e-02
1.376758513939278263e-02
1.369714158397584980e-02
1.362660122764530052e-02
1.355648046303548418e-02
1.348544717419908161e-02
1.341562570741081442e-02
1.334436254074378853e-02
1.327479346814502276e-02
1.320367427318396535e-02
1.313420077298929622e-02
1.306345081617488538e-02
1.299395820867737042e-02
1.292389596682030732e-02
1.285433281513583513e-02
1.278507751384854937e-02
1.271551854139681657e-02
1.264713778390288458e-02
1.257776282333147866e-02
1.251018257857889823e-02
1.244129498260354919e-02
1.237438691588511018e-02
1.230629915475952088e-02
1.223990106151454441e-02
1.217287509475663970e-02
1.210690569874738054e-02
1.204120526739614269e-02
1.197570711211758815e-02
1.191136491298403627e-02
1.184646217319353448e-02
1.178342864249947754e-02
1.171936514251943964e-02
1.165750553660576533e-02
1.159457719016482487e-02
1.153367766631548975e-02
1.147221195208016943e-02
1.141219342762813185e-02
1.135238547366931167e-02
1.129319501221274884e-02
1.123515715805951942e-02
1.117689522219259685e-02
1.112058635492586475e-02
1.106346178363102305e-02
1.100871545808630898e-02
1.095304443047932785e-02
1.089966345177999056e-02
1.084576179736099211e-02
1.079357644871155146e-02
1.074165668509927812e-02
1.069060373674584827e-02
1.064076297452091688e-02
1.059089705790181891e-02
1.054307785345157816e-02
1.049460849671281747e-02
1.044862730626491994e-02
1.040186694475405543e-02
1.035751087704744368e-02
1.031272561563028115e-02
1.026981219390478081e-02
1.022722553228311120e-02
1.018563230382157209e-02
1.014532931148885535e-02
1.010510069930083653e-02
1.006698495335794571e-02
1.002832256148953813e-02
9.992245597489145259e-03
9.955421113147049778e-03
9.921073953471923682e-03
9.886378028855741934e-03
9.853533619779138858e-03
9.821129489900402854e-03
9.789701383222076947e-03
9.759683238523622628e-03
9.729722650980876519e-03
9.701978540432179901e-03
9.673670700889713120e-03
9.647962315396860916e-03
9.621548128090271629e-03
9.597593526904243943e-03
9.573363547763096698e-03
9.550890030792760083e-03
9.529012127354397760e-03
9.507918065955939246e-03
9.488375007313074039e-03
9.468726484325911200e-03
9.451358736437721550e-03
9.433326950785528991e-03
9.417885391518759225e-03
9.401743629529278265e-03
9.387922762409704747e-03
9.373948789309569096e-03
9.361469119068528341e-03
9.349761075701708626e-03
9.338551985472565153e-03
9.329079411492453497e-03
9.319217693658491189e-03
9.311723167967283360e-03
9.303416754984639159e-03
9.297601284581475528e-03
9.291127563760860630e-03
9.286653099905365846e-03
9.282200367901055973e-03
9.278853487115788778e-03
9.276497720255082874e-03
9.274206999542204330e-03
9.273835683801209470e-03
9.272748107889944302e-03
9.274043052644034141e-03
9.274393364240764853e-03
9.277010498720667658e-03
9.279051727604601535e-03
9.282652240243060432e-03
9.286530296002265539e-03
9.290918918821240019e-03
9.296608825552724747e-03
9.301857290945380816e-03
9.309138425597340144e-03
9.315385371691315558e-03
9.323901480727264310e-03
9.331419683630517298e-03
9.340795138008025841e-03
9.349803020228607264e-03
9.359750904676340799e-03
9.370317798993919173e-03
9.380733316268093785e-03
9.392731070851640177e-03
9.403726833537198737e-03
9.416816558613946495e-03
9.428645549129815659e-03
9.442446819842945441e-03
9.455373639926937385e-03
9.469519475786621066e-03
9.483670641826678210e-03
9.497964272722328460e-03
9.513310339516781525e-03
9.527779723538248521e-03
9.544031331557404491e-03
9.558882999794390822e-03
9.575652301105136086e-03
9.591144638979682766e-03
9.608031690099078093e-03
9.624402097328137520e-03
9.641144360108388350e-03
9.658390793019753368e-03
9.674932745690898589e-03
9.692878087369669049e-03
9.709359741200296323e-03
9.727635285239063373e-03
9.744342850494972647e-03
9.762505111383148679e-03
9.779690788623828304e-03
9.797422936501862245e-03
9.815176355447138845e-03
9.832349904115449818e-03
9.850546799440151186e-03
9.867257533389527796e-03
9.885549121388548938e-03
9.902065568844905033e-03
9.920036689475573988e-03
9.936646078041178054e-03
9.953907054534819054e-03
9.970779194765454559e-03
9.987144190256416407e-03
1.000419663367135663e-02
1.001974974356305975e-02
1.003668584824127415e-02
1.005167971163091478e-02
1.006803440621837492e-02
1.008277812029361592e-02
1.009819849117739830e-02
1.011288179267363051e-02
1.012712088964149576e-02
1.014175569117305685e-02
1.015484965261609362e-02
1.016910843082521540e-02
1.018133840665697183e-02
1.019484940158976380e-02
1.020649658017416632e-02
1.021881144095427782e-02
1.023015949595985560e-02
1.024103951045983799e-02
1.025207511952310434e-02
1.026155369780109086e-02
1.027204557615573818e-02
1.028036562379206625e-02
1.028988756513679950e-02
1.029741306668949599e-02
1.030553385533827804e-02
1.031251811655880916e-02
1.031899885335372039e-02
1.032550929991573468e-02
1.033036098394933718e-02
1.033612698651357673e-02
1.033965413341320430e-02
1.034428228612250741e-02
1.034680347257927943e-02
1.034985192596620321e-02
1.035171403797397610e-02
1.035294704853960586e-02
1.035415695278059552e-02
1.035363327315009033e-02
1.035396227763439592e-02
1.035196158311841794e-02
1.035099722655956692e-02
1.034790915114299284e-02
1.034523787107012420e-02
1.034137960752131574e-02
1.033676238053426837e-02
1.033216525902756408e-02
1.032570106614393024e-02
1.032011584429829917e-02
1.031213140055922337e-02
1.030513254803664888e-02
1.029604624727399435e-02
1.028720686186595720e-02
1.027731261007812369e-02
1.026648565635645410e-02
1.025580122748572832e-02
1.024308738937609875e-02
1.023133054912099549e-02
1.021715910490282250e-02
1.020387720017745109e-02
1.018865778183433365e-02
1.017351507718908254e-02
1.015752027937932150e-02
1.014035623530436074e-02
1.012355403159721431e-02
1.010459145091711225e-02
1.008665036955958341e-02
1.006632494815683579e-02
1.004680059650842408e-02
1.002554245331208072e-02
1.000410269044300915e-02
9.982161543386571662e-03
9.958794428987236338e-03
9.936038852549917283e-03
9.911013965941829762e-03
9.887097559032879956e-03
9.860917143893872805e-03
9.835367493443221421e-03
9.808437585277442541e-03
9.781011353991796858e-03
9.753487754315124172e-03
9.724261926653089000e-03
9.695948490693618790e-03
9.665316107822240904e-03
9.635781947411999060e-03
9.604252318932962260e-03
9.573112853648830384e-03
9.541057617944168415e-03
9.508145812487971832e-03
9.475609096573904544e-03
9.441124731902908462e-03
9.407806540004469420e-03
9.372224010303253222e-03
9.337665008499437466e-03
9.301525993312412949e-03
9.265409276102573588e-03
9.228982802188315931e-03
9.191296279056423643e-03
9.154482949942008979e-03
9.115557447004209515e-03
9.077943534451836730e-03
9.038339011033843379e-03
8.999495857875090127e-03
8.959643277961870309e-03
8.919346287404599991e-03
8.879391686941528333e-03
8.837803191957527976e-03
8.797496221921297446e-03
8.755107402933393068e-03
8.714001436967232228e-03
8.671338533995107470e-03
8.629032221907646794e-03
8.586457476896725699e-03
8.542901593907744479e-03
8.500347240038336541e-03
8.455899236811895842e-03
8.412979360206115920e-03
8.368227493280559412e-03
8.324490141559361817e-03
8.279917927440785114e-03
8.235104029766621495e-03
8.190852245146831856e-03
8.145147429231763131e-03
8.100959003104687972e-03
8.054869829702798745e-03
8.010235467886494404e-03
7.964325245431964212e-03
7.918881160645711154e-03
7.873482955963666957e-03
7.827203571799196125e-03
7.782237673604580110e-03
7.735536819245750553e-03
7.690566827629985620e-03
7.644037389412731455e-03
7.598586827558417682e-03
7.552724920380847300e-03
7.506581077084583525e-03
7.461426303337913984e-03
7.414862341822321679e-03
7.370105780910862943e-03
7.323684812766167312e-03
7.278781792991019864e-03
7.233083947753326734e-03
7.187728412114745974e-03
7.142984299192906353e-03
7.097240773801177099e-03
7.053229878734884606e-03
7.007610694843901221e-03
6.963829544492807118e-03
6.918951301672764467e-03
6.874950962852286948e-03
6.831202022649042992e-03
6.786909282265589198e-03
6.744177753109771231e-03
6.700002773649817861e-03
6.657841125755376011e-03
6.614404807850793148e-03
6.572294201685832324e-03
6.530085407768008304e-03
6.487817176807039385e-03
6.446897019946110780e-03
6.404742678415657579e-03
6.364699030600494065e-03
6.323290305636661453e-03
6.283554720206461532e-03
6.243448937491150215e-03
6.203689791900428990e-03
6.165052064417524992e-03
6.125444380188470837e-03
6.087937877699844957e-03
6.049053003253007654e-03
6.012099262499174222e-03
5.974556001049263765e-03
5.937728675744769792e-03
5.901803042547820906e-03
5.865162271380073948e-03
5.830568516633013662e-03
5.794636755423251441e-03
5.760814005240151581e-03
5.726238621888103328e-03
5.692679773446792692e-03
5.659803928975256672e-03
5.626460859906628337e-03
5.595113419477597272e-03
5.562469176600527178e-03
5.532055618047060710e-03
5.500780574379275298e-03
5.470739445479069069e-03
5.441223425246310627e-03
5.411446648801701911e-03
5.383584583427558287e-03
5.354478732921346198e-03
5.327666778783356379e-03
5.299907796028531688e-03
5.273552405771751196e-03
5.247618856817623696e-03
5.221559539792962681e-03
5.197331642993499937e-03
5.171929381651268337e-03
5.148852530687364482e-03
5.124784907912767820e-03
5.102234304893473946e-03
5.080003874574407288e-03
5.057751010726588975e-03
5.037277451927911487e-03
5.015656547100360088e-03
4.996381481345305020e-03
4.976065836725176994e-03
4.957308188288973502e-03
4.938810043801920499e-03
4.920324958176849721e-03
4.903606897450027945e-03
4.885725622301537174e-03
4.870200045030323964e-03
4.853629574925077961e-03
4.838610778760269945e-03
4.823858016173509893e-03
4.809084556522096564e-03
4.796080089846115231e-03
4.781892391144588333e-03
4.770040271815980878e-03
4.757131019957784070e-03
4.745715649127744788e-03
4.734598160866658120e-03
4.723365346398947923e-03
4.713940769650698005e-03
4.703257463943811070e-03
4.694888356423644431e-03
4.685490645272133090e-03
4.677448982515909626e-03
4.669802398961569317e-03
4.661881430524164593e-03
4.655821303155022878e-03
4.648434834148662369e-03
4.643293202332950467e-03
4.637177577880933349e-03
4.632233779708118740e-03
4.627811591647242387e-03
4.622903220571418156e-03
4.619930669367200947e-03
4.615555368657239636e-03
4.613308805259475412e-03
4.610187979395941917e-03
4.607992047469669679e-03
4.606484029834296591e-03
4.604258515677014940e-03
4.604039275292775429e-03
4.602337967146293354e-03
4.602626335248532347e-03
4.602184804480418528e-03
4.602346457744863929e-03
4.603420481327747185e-03
4.603501466244280457e-03
4.605645833501431294e-03
4.606269423195894636e-03
4.608665093964561463e-03
4.610538773697968502e-03
4.612629130445726304e-03
4.615901568090886344e-03
4.617887113268900542e-03
4.621958418931879434e-03
4.624545795755786656e-03
4.628579002968458665e-03
4.632397728804757767e-03
4.635992612374912301e-03
4.641027932057138761e-03
4.644516785399750020e-03
4.650032313460823394e-03
4.654193533709148969e-03
4.659385942531952055e-03
4.664743875978271531e-03
4.669369072070998078e-03
4.675674964229990446e-03
4.680279282479887434e-03
4.686731227832238722e-03
4.692088904251085976e-03
4.697951142941306051e-03
4.704405704110185132e-03
4.709664470680075335e-03
4.716766817146493540e-03
4.722105335795034019e-03
4.728967093419514899e-03
4.735123910883698266e-03
4.741176388287283126e-03
4.748269278551339387e-03
4.753748345164553538e-03
4.761104833485031371e-03
4.766823796689400108e-03
4.773577960709991796e-03
4.780143218510442965e-03
4.785950764041931038e-03
4.793196781393337623e-03
4.798555401197295359e-03
4.805647294858838431e-03
4.811425310049655471e-03
4.817571943186884156e-03
4.824141262814224049e-03
4.829328016438587390e-03
4.836219739854216194e-03
4.841184470663171743e-03
4.847469268178281748e-03
4.852975673307724502e-03
4.858095608544529646e-03
4.864241308505771327e-03
4.868513384819422515e-03
4.874520019310853505e-03
4.878839434007449169e-03
4.883829220962123720e-03
4.888765266941888510e-03
4.892517639283489733e-03
4.897761369183462055e-03
4.900944165837674282e-03
4.905555204222559681e-03
4.909024887369007814e-03
4.912324441590732761e-03
4.916323140452515290e-03
4.918503206897050992e-03
4.922350122477512323e-03
4.924298701751900209e-03
4.927054546811578811e-03
4.929461731146687897e-03
4.930784832578175361e-03
4.933438512187237127e-03
4.933959646169962937e-03
4.935941548599040440e-03
4.936591755461865530e-03
4.937126976575212205e-03
4.938218162442700211e-03
4.937467768353687170e-03
4.938339783681518040e-03
4.937229980940330276e-03
4.936902606805959604e-03
4.936155401217940178e-03
4.934293858028709033e-03
4.933716895952709042e-03
4.930953561923236313e-03
4.929601389393122382e-03
4.926907135047571551e-03
4.924000424168298133e-03
4.921695837977525280e-03
4.917454029882829640e-03
4.914813009514245809e-03
4.910204585140806946e-03
4.906244426930657203e-03
4.901998960703389530e-03
4.896439268905845334e-03
4.892257769274126721e-03
4.885850892229473205e-03
4.880722684091581658e-03
4.874451227324463204e-03
4.867686902718436001e-03
4.861750500742646752e-03
4.853723912045422584e-03
4.847278304086235362e-03
4.839036352162514112e-03
4.831123241350521701e-03
4.823279482116990188e-03
4.813823002251850676e-03
4.805895728233098088e-03
4.795792269815735837e-03
4.786712129415246139e-03
4.776913145133980174e-03
4.766172653894110676e-03
4.756610647185342301e-03
4.744827381394672861e-03
4.734520897883195620e-03
4.722806527050689950e-03
4.710903776050157088e-03
4.699623110760000125e-03
4.686373592744030696e-03
4.674769950904480650e-03
4.661261292073042711e-03
4.648280679873124238e-03
4.635250619906193699e-03
4.620723782569473824e-03
4.607760833767014438e-03
4.592628559866141803e-03
4.578604901747581994e-03
4.563866779078931332e-03
4.548233216830673692e-03
4.533863924047653454e-03
4.517299062864651646e-03
4.502242566295431604e-03
4.485910679387129958e-03
4.469335487229881936e-03
4.453567062864239277e-03
4.435799144653227583e-03
4.419741758538488566e-03
4.401956691646409688e-03
4.384553318053346915e-03
4.367436770129988141e-03
4.348664560036515775e-03
4.331628798245328038e-03
4.312585185319290151e-03
4.294446943623962329e-03
4.276067606491718541e-03
4.256488060901659695e-03
4.238501548432629593e-03
4.218392401178839776e-03
4.199614196046644148e-03
4.180103758500293074e-03
4.159894385101984941e-03
4.141020847520457057e-03
4.120057833150020214e-03
4.100736225973221696e-03
4.080256441632397306e-03
4.059576834084852037e-03
4.039909271425290611e-03
4.018287516311896609e-03
3.998491607051197355e-03
3.977212540744444816e-03
3.956206455977852136e-03
3.935868969346037818e-03
3.913808871447429366e-03
3.893640287358742999e-03
3.871751045154428039e-03
3.850567707466934914e-03
3.829692837196328747e-03
3.807366375054775827e-03
3.786933687556893503e-03
3.764624902636382574e-03
3.743377373505569344e-03
3.722114216280963082e-03
3.699696063340888672e-03
3.679108805953520446e-03
3.656575278657780027e-03
3.635388709731497345e-03
3.613897673800031424e-03
3.591568344544113136e-03
3.570958801466085283e-03
3.548378073758826773e-03
3.527388285444815145e-03
3.505832331887411609e-03
3.483711522883929310e-03
3.463210016377081101e-03
3.440757510137240627e-03
3.420062721577978113e-03
3.398617488700827680e-03
3.376866724884235171e-03
3.356601640670662211e-03
3.334446267045925762e-03
3.314186133451186081e-03
3.293002890874500641e-03
3.271743915014274553e-03
3.251869898980399784e-03
3.230153438684992776e-03
3.210435210850353001e-03
3.189678281034295706e-03
3.169014814802525309e-03
3.149656507252634671e-03
3.128512412574463268e-03
3.109429977081000669e-03
3.089245033549735051e-03
3.069291629116756119e-03
3.050574754659672334e-03
3.030130487485590760e-03
3.011805051555369126e-03
2.992333492572217188e-03
2.973186510165286376e-03
2.955244849991575922e-03
2.935613879557095671e-03
2.918138257278186844e-03
2.899492203126998770e-03
2.881219230994846048e-03
2.864170554610751939e-03
2.845442121486969900e-03
2.828885205105297930e-03
2.811190066443388421e-03
2.793868905391266866e-03
2.777798955248806864e-03
2.760055375833602061e-03
2.744502229089566987e-03
2.727848436602679956e-03
2.711527045813533991e-03
2.696543436219449481e-03
2.679856356492951036e-03
2.665355586425790201e-03
2.649848205688767888e-03
2.634573485971812568e-03
2.620742738097357662e-03
2.605178620540940342e-03
2.591766668392694178e-03
2.577470276959977196e-03
2.563273595953564736e-03
2.550656104947035541e-03
2.536268603162201551e-03
2.523981804275717000e-03
2.510968984869117390e-03
2.497866420832934101e-03
2.486501167082672686e-03
2.473324527243107515e-03
2.462158831545362397e-03
2.450484781995776462e-03
2.438482153895762949e-03
2.428392304633082352e-03
2.416476560871077747e-03
2.406420591890415846e-03
2.396125858377439258e-03
2.385223142665361413e-03
2.376400291590210177e-03
2.365776761949874712e-03
2.356794060723855361e-03
2.347903037807609616e-03
2.338104892804349251e-03
2.330523153630649578e-03
2.321229335216667966e-03
2.313285714615893364e-03
2.305801258182691056e-03
2.297099092707615385e-03
2.290707858895371825e-03
2.282764683982440625e-03
2.275790993813771486e-03
2.269694883797057292e-03
2.262090089516776825e-03
2.256803077234941900e-03
2.250229284299888177e-03
2.244161973249415680e-03
2.239401124597230341e-03
2.232893459153769376e-03
2.228597187112565155e-03
2.223398660191979338e-03
2.218178867819543994e-03
2.214674855829185975e-03
2.209287994980983771e-03
2.205862051442112996e-03
2.202029268376716996e-03
2.197607860977166157e-03
2.195239370624069500e-03
2.191000493721270703e-03
2.188309162814581089e-03
2.185792999047883253e-03
2.182137089854868997e-03
2.180749033342159818e-03
2.177681728518850168e-03
2.175585205751143399e-03
2.174312457372915442e-03
2.171430422461143560e-03
2.170822160439102311e-03
2.168936652941101141e-03
2.167322602601598133e-03
2.167158098955868431e-03
2.165071068804480959e-03
2.165029050767087321e-03
2.164329637156793031e-03
2.163119089386234765e-03
2.163866042649532310e-03
2.162645496179275116e-03
2.162963062321957442e-03
2.163393676141813111e-03
2.162578149760968019e-03
2.163996757366830337e-03
2.163702229851608219e-03
2.164187369688098852e-03
2.165616530327870142e-03
2.165233032222088627e-03
2.167034579596027830e-03
2.167717229546099137e-03
2.168252956955288302e-03
2.170467719159533716e-03
2.170618877261009955e-03
2.172509477473364217e-03
2.174146667718841654e-03
2.174702110309002963e-03
2.177402298809637780e-03
2.178218213729593913e-03
2.179949106529800208e-03
2.182413954486092829e-03
2.183067699450895981e-03
2.185889515041128991e-03
2.187456686032632127e-03
2.188882451294636711e-03
2.191929935764485877e-03
2.192839169288756003e-03
2.195423552662784192e-03
2.197757218243738021e-03
2.198871954021834867e-03
2.202127721660977408e-03
2.203492531183359054e-03
2.205558977102717571e-03
2.208514754436318936e-03
2.209472763813796585e-03
2.212500057950249691e-03
2.214469939559615165e-03
2.215900691345942114e-03
2.219141964768397979e-03
2.220206413035868270e-03
2.222599733286017860e-03
2.225151977422006912e-03
2.226052116679639106e-03
2.229117575665145838e-03
2.230554421602746681e-03
2.232073814344691289e-03
2.234971066150214739e-03
2.235625901959246639e-03
2.237997143141919575e-03
2.239932777192135769e-03
2.240598476533072446e-03
2.243356493598070572e-03
2.244142177909973831e-03
2.245465377388843574e-03
2.247747683457503292e-03
2.247857954544247271e-03
2.249897347899512852e-03
2.251066895907670451e-03
2.251280341814551091e-03
2.253454732434181235e-03
2.253473392241469534e-03
2.254332210650727281e-03
2.255835868189006235e-03
2.255243215640452634e-03
2.256676118109183452e-03
2.256979150377427627e-03
2.256521524411357268e-03
2.257921695808840206e-03
2.257065212999864214e-03
2.257189943357911909e-03
2.257803740596332591e-03
2.256353842762879886e-03
2.256955236502443223e-03
2.256317559717019566e-03
2.254962372040006987e-03
2.255445418248331387e-03
2.253633206164257219e-03
2.252793477870564196e-03
2.252455714876980524e-03
2.250009473858744641e-03
2.249594311187872071e-03
2.247993528794573880e-03
2.245558327844208307e-03
2.245023857115229123e-03
2.242212656757557997e-03
2.240215011049416852e-03
2.238901078162684397e-03
2.235358833600610638e-03
2.233767512647182301e-03
2.231219297762692972e-03
2.227555721496205648e-03
2.225910324410204644e-03
2.222103511096168871e-03
2.218780319862220102e-03
2.216480111293677238e-03
2.211811865028560226e-03
2.208903519180238639e-03
2.205463757625465357e-03
2.200499537045846020e-03
2.197668698585772840e-03
2.192955876697767238e-03
2.188195953532012447e-03
2.184898617935884541e-03
2.179151758958052486e-03
2.174779349702267960e-03
2.170513218673354380e-03
2.164248691830468474e-03
2.160107977935804037e-03
2.154613485651793621e-03
2.148343102356490078e-03
2.143999432160132064e-03
2.137359127593762079e-03
2.131413206326227341e-03
2.126372013723140317e-03
2.118956480256375431e-03
2.113360609278661702e-03
2.107253797225029819e-03
2.099549269197467302e-03
2.094038799696460850e-03
2.086764155140499039e-03
2.079204090050179414e-03
2.073362701091725508e-03
2.065098975276433851e-03
2.057892923262361930e-03
2.051288816168725555e-03
2.042409981793521286e-03
2.035518634895805683e-03
2.027886466952090287e-03
2.018837752283253809e-03
2.012005701870505162e-03
2.003307270230633187e-03
1.994443381957391320e-03
1.987286846638470703e-03
1.977700956005844571e-03
1.969208312770615466e-03
1.961378700575033482e-03
1.951243597031307279e-03
1.943087708927543431e-03
1.934351173288710157e-03
1.924059118684390540e-03
1.916041536952334864e-03
1.906345094773082222e-03
1.896217985583644816e-03
1.888032176024492283e-03
1.877506632272940524e-03
1.867744744818281444e-03
1.859086372222856299e-03
1.847997399900451389e-03
1.838635996112994529e-03
1.829267890540617900e-03
1.817934084262789237e-03
1.808867790204401072e-03
1.798697489160243921e-03
1.787431436816503023e-03
1.778439554013597299e-03
1.767488002758445817e-03
1.756520288668742685e-03
1.747366364795497392e-03
1.735802688357766452e-03
1.725259755395878482e-03
1.715706238732801758e-03
1.703752039740569560e-03
1.693642894068680613e-03
1.683539321523372769e-03
1.671465468371399190e-03
1.661704504200402959e-03
1.650977409545903354e-03
1.639023434808418739e-03
1.629457132355477227e-03
1.618129112146971449e-03
1.606484809123635534e-03
1.596937663957056965e-03
1.585121104947885551e-03
1.573913690004751387e-03
1.564212794711292371e-03
1.552060746428079140e-03
1.541340855433594387e-03
1.531361044281081153e-03
1.519060037002044252e-03
1.508803523995938837e-03
1.498461769863115942e-03
1.486203211682951292e-03
1.476341706619842004e-03
1.465605148454697353e-03
1.453558643443418098e-03
1.444008723783836781e-03
1.432908768023290029e-03
1.421199183123071554e-03
1.411842150570895554e-03
1.400443483560215221e-03
1.389173098289653600e-03
1.379914871567899763e-03
1.368310538948338401e-03
1.357527043162546970e-03
1.348276644084280083e-03
1.336573245713194120e-03
1.326300771019603506e-03
1.317004695121648267e-03
1.305315827105353859e-03
1.295540200024888986e-03
1.286155703489125874e-03
1.274588436445879547e-03
1.265295156160254481e-03
1.255823424018743389e-03
1.244471325712479372e-03
1.235612643680324401e-03
1.226052710610292008e-03
1.214990960153669673e-03
1.206534966414125366e-03
1.196925487290522979e-03
1.186218515069829837e-03
1.178118214069084858e-03
1.168483461412375213e-03
1.158166693793805362e-03
1.150388186294969486e-03
1.140774515148706026e-03
1.130880042992504862e-03
1.123403687054051921e-03
1.113862274297493758e-03
1.104403710335271184e-03
1.097203601047701781e-03
1.087769207710703821e-03
1.078744232069772657e-03
1.071811794082843305e-03
1.062533813058324497e-03
1.053947319212122837e-03
1.047288577338068797e-03
1.038211568552546227e-03
1.030054711263196209e-03
1.023666676552211288e-03
1.014812764893199912e-03
1.007065406283261504e-03
1.000961667273062841e-03
9.923685541276439266e-04
9.850178754225048100e-04
9.792079345976852176e-04
9.708915453061089549e-04
9.639109127043793109e-04
9.584101129577848703e-04
9.503963403872026355e-04
9.437670254805418085e-04
9.385891165053683767e-04
9.308923722112343859e-04
9.245932743053476713e-04
9.197625356817569486e-04
9.124040114188507970e-04
9.064068438895328062e-04
9.019312136663536206e-04
8.949170344582574928e-04
8.891850265769346822e-04
8.850793431448662416e-04
8.784405935815015228e-04
8.729542112586663807e-04
8.692268765042110781e-04
8.629787337398563390e-04
8.576983629285307069e-04
8.543423978864858170e-04
8.485066026712334043e-04
8.434071541480899197e-04
8.404278775502088596e-04
8.350421539248392699e-04
8.300932085257481646e-04
8.274701434063929523e-04
8.225662530522205064e-04
8.177339695650041960e-04
8.154272371536440238e-04
8.110428543253351847e-04
8.063115993460284129e-04
8.042736440265628624e-04
8.004481631439419771e-04
7.958146968147670683e-04
7.939858981020630774e-04
7.907600106413341118e-04
7.862371883111765082e-04
7.845381587202504732e-04
7.819439398673356557e-04
7.775712900825397077e-04
7.759105116166897581e-04
7.739577456963630869e-04
7.697960625139896448e-04
7.680756848640328972e-04
7.667514802784608594e-04
7.628912896450565535e-04
7.610129039184052252e-04
7.602621934926206276e-04
7.568208616690752380e-04
7.547095223008472124e-04
7.544319720644568827e-04
7.515409102694286039e-04
7.491582197879265593e-04
7.492043202718899056e-04
7.469952512091580484e-04
7.443578442651460365e-04
7.445264436279012531e-04
7.431045842931689347e-04
7.403102394982410007e-04
7.403705565773451534e-04
7.397718679985087510e-04
7.369953433733976954e-04
7.367267214617738338e-04
7.369021950731736515e-04
7.343855443839605954e-04
7.336042596163177068e-04
7.343817114465361114e-04
7.324107135833924243e-04
7.310466599907989443e-04
7.321349950216164866e-04
7.309619192652074904e-04
7.290878348727481990e-04
7.301132793393239236e-04
7.298987648950192681e-04
7.277584227504081465e-04
7.283195307144159402e-04
7.290421759926226600e-04
7.270422650091142719e-04
7.268361433763058550e-04
7.282307363683385507e-04
7.268290939381250905e-04
7.257695986024560383e-04
7.273662669419398135e-04
7.269421618204578110e-04
7.252294251055493727e-04
7.264356800333774756e-04
7.271223042851477194e-04
7.252586598242829943e-04
7.255646104589673871e-04
7.271187740636347093e-04
7.257594367137952009e-04
7.249586150404288987e-04
7.267720638816561364e-04
7.264808351765629415e-04
7.248303359203103237e-04
7.261008061252067656e-04
7.270434306851289701e-04
7.252469203515250545e-04
7.253428305504634960e-04
7.271231818383723598e-04
7.260554578534365606e-04
7.248453933781579591e-04
7.265524297560939848e-04
7.268152573150156621e-04
7.248952763472086029e-04
7.255439427793964778e-04
7.270195999679132139e-04
7.254540631699355879e-04
7.245528730685554374e-04
7.263321420286233433e-04
7.260814668054294376e-04
7.240738218767899231e-04
7.248895426579179957e-04
7.260788738646833159e-04
7.241956631130186655e-04
7.232776727207696410e-04
7.249449009353850417e-04
7.244280228400262539e-04
7.221942461338847624e-04
7.228138237395773016e-04
7.238757470874562609e-04
7.218085188090106160e-04
7.204883527571274678e-04
7.219264802383849877e-04
7.214435308716486131e-04
7.188374133358826131e-04
7.188652511106435189e-04
7.199524896593220355e-04
7.179107976061369426e-04
7.158124393249838593e-04
7.167726746041445333e-04
7.166490603105518838e-04
7.137068995921417051e-04
7.126564835188001820e-04
7.137322099132290681e-04
7.121453542748913982e-04
7.091063376279998142e-04
7.090481125293628811e-04
7.094886577203140653e-04
7.066787911929473930e-04
7.041117461430122793e-04
7.046295564999237445e-04
7.040194046334264386e-04
7.004606395046479930e-04
6.985923280266150351e-04
6.991844438409581738e-04
6.974275742550875221e-04
6.935529963015997631e-04
6.923235431877827360e-04
6.925991780035907226e-04
6.898233990437283979e-04
6.859219926251781604e-04
6.851373371695254231e-04
6.848908573614763667e-04
6.813122647029281947e-04
6.775001828106161882e-04
6.769332452700101447e-04
6.761107023556648960e-04
6.719280964909671479e-04
6.681839301139014080e-04
6.676509168359400599e-04
6.663196071429705169e-04
6.616870443597433048e-04
6.579024345152043388e-04
6.572745095177139453e-04
6.555726673370162582e-04
6.505968587856753070e-04
6.466067899969230037e-04
6.457821192237349611e-04
6.438816763885539009e-04
6.386553668878732892e-04
6.342752998796976878e-04
6.331512652153003335e-04
6.312398294198687428e-04
6.258902456524868905e-04
6.209485522062897734e-04
6.193828249248585927e-04
6.176359523430976703e-04
6.123646927268364040e-04
6.067223111672070957e-04
6.044568790741907879e-04
6.029573562731860769e-04
5.980828542080111800e-04
5.917484076540167849e-04
5.884258931946563173e-04
5.870607645605110730e-04
5.829804931664951412e-04
5.762267095310325557e-04
5.714670353346858970e-04
5.697899293027323302e-04
5.668229648042739368e-04
5.603109434052617414e-04
5.539758167422293572e-04
5.511612817951667270e-04
5.491930010373554348e-04
5.438827349929543920e-04
5.364872866936724796e-04
5.316136785123878839e-04
5.296865216317420567e-04
5.262843411095884018e-04
5.192523778566209870e-04
5.121116740934798101e-04
5.084880046524547191e-04
5.064636705686912516e-04
5.015721064675804537e-04
4.936371900055031969e-04
4.870106305398881662e-04
4.840304202585378078e-04
4.815768863946995543e-04
4.756836027020947943e-04
4.672869054022567737e-04
4.608437290976673912e-04
4.579952322457241662e-04
4.552996626976526053e-04
4.490358033442481381e-04
4.402820090104452326e-04
4.334145425713973915e-04
4.302558104635214285e-04
4.277132338450783137e-04
4.218360428715107351e-04
4.128633880369627718e-04
4.048714615723559727e-04
4.006775558866227565e-04
3.984235907097882301e-04
3.938733320400411748e-04
3.854496339771016668e-04
3.760237069245769424e-04
3.695647328192435072e-04
3.666695786160771662e-04
3.639649594231444876e-04
3.578259356753045808e-04
3.482225038619862875e-04
3.386779329152196411e-04
3.326083312162589800e-04
3.299219847802785377e-04
3.271885805254154574e-04
3.209840448678218214e-04
3.110716441083833869e-04
3.005304752474069908e-04
2.929403283482562965e-04
2.892853674973900691e-04
2.872089490777129093e-04
2.830355670785821747e-04
2.747117190308143468e-04
2.633129888517467721e-04
2.521263598168238290e-04
2.442114782297363394e-04
2.403017837290005363e-04
2.384214053487164519e-04
2.352688511737543206e-04
2.282918870867061344e-04
2.171262597632019910e-04
2.036620251292728921e-04
1.908975810992398383e-04
1.813610297769498950e-04
1.759483757084311529e-04
1.736505972793675587e-04
1.721265184331006331e-04
1.687146811736847706e-04
1.613918518097781629e-04
1.493335407451864497e-04
1.329763986501367819e-04
1.136907399224573745e-04
9.327278171936977504e-05
7.345901742218782695e-05
5.559138839331992344e-05
4.047270080727798065e-05
2.838354884350305081e-05
1.919893074108419139e-05
1.254085172203114674e-05
7.919875799927757898e-06
4.840796183620893481e-06
2.866497593282570670e-06
1.645950551031736080e-06
9.172197384742600002e-07
4.964229074908195985e-07
2.611285971884986616e-07
1.335851249362594653e-07
6.649920068303368676e-08
3.223011961593689495e-08
1.521625931580443076e-08
7.000841394656254447e-09
3.140283632418085996e-09
1.373818036774695895e-09
5.863856570127269468e-10
2.442705495936454507e-10
9.933930781135032424e-11
3.945041834377568005e-11
1.530280893300607767e-11
5.799351401037671343e-12
2.147671099674565523e-12
7.773557051814175268e-13
2.750500929299141151e-13
9.515098339362364046e-14
3.218750426639033277e-14
1.064855910359183653e-14
3.445681486714835836e-15
1.090651261858893780e-15
3.377253897465525587e-16
1.023161279314902122e-16
3.032898190482150867e-17
8.796929176416035963e-18
2.496810792810234311e-18
6.934879284402990303e-19
1.884969030746426649e-19
5.014075130979778109e-20
1.305281189088926220e-20
3.325411606056080053e-21
8.291106653356273003e-22
2.023015984962648953e-22
4.830544939851558354e-23
1.128728745493676812e-23
2.580849804484820546e-24
5.774242486393559722e-25
1.264044383560699084e-25
2.707303516542852798e-26
5.672671099424305679e-27
1.162731403955889448e-27
2.331169325995072410e-28
4.571183604637116181e-29
8.765930705591167004e-30
1.643736688566790720e-30
3.013545849475432647e-31
5.401038587671999282e-32
9.461702076100560106e-33
1.619900251868323962e-33
2.709970729272069934e-34
4.429189356183162672e-35
7.071129187373411640e-36
1.102491234199804966e-36
1.678400501900803721e-37
2.494350395817801978e-38
3.617953269791156830e-39
5.120460299254174650e-40
7.069472648039192393e-41
9.518809720399860205e-42
1.249612925614254955e-42
1.598964889751000831e-43
1.993607257690844929e-44
2.421236974266643953e-45
2.863415935928659078e-46
3.296292538804406921e-47
3.692306941816742535e-48
4.022800829629500271e-49
4.261247428924020911e-50
4.386635531361838881e-51
4.386434921917971773e-52
4.258581013195449369e-53
4.012058007423863129e-54
3.665911309932422902e-55
3.246826311347104391e-56
2.785697127615362191e-57
2.313802208944297736e-58
1.859254979404273661e-59
1.444297647973560000e-60
1.083787981200958898e-61
7.849557115832883838e-63
5.482504830311330275e-64
3.689267280140266947e-65
2.389430905428989420e-66
1.487911669948034048e-67
8.897930379562150544e-69
5.103792558797666766e-70
2.804206720068920215e-71
1.473716094836384902e-72
7.396485827678393837e-74
3.539210310078732942e-75
1.611576093626242782e-76
6.969092044752469198e-78
2.855696361541249649e-79
1.106079599117560442e-80
4.038401602089556456e-82
1.385650256138094448e-83
4.452745594678055346e-85
1.334893949679570867e-86
3.716976670111764637e-88
9.564218500829060990e-90
2.260799018975921552e-91
4.875444698523930315e-93
9.512955406245746063e-95
1.662700012562355274e-96
2.571149951083931442e-98
3.462814741732736201e-100
3.979029332624929051e-102
3.792704022508531780e-104
2.878910144123110877e-106
1.631540688014077323e-108
6.136456821665556601e-111
1.148842232418402156e-113
