3.505866312605490642e-02
3.286739075597339826e-02
2.975877479286315186e-02
2.681993595550298884e-02
2.463937404998112202e-02
2.329996620779268071e-02
2.260499412302621747e-02
2.229915255290391279e-02
2.217694975335502208e-02
2.212347761220108053e-02
2.208801306731955280e-02
2.206080443583112102e-02
2.204200364154548092e-02
2.203336447976581361e-02
2.203205550246251435e-02
2.203592122795102262e-02
2.204126871411766705e-02
2.204864744627298145e-02
2.205683799860110733e-02
2.206764278444319632e-02
2.207969030281253797e-02
2.209389650505066971e-02
2.210859556983612792e-02
2.212460188494480562e-02
2.214034948269630668e-02
2.215688480039848876e-02
2.217302149619215096e-02
2.218986715651402250e-02
2.220614974225846444e-02
2.222298453693933445e-02
2.223928413948755844e-02
2.225621910721066465e-02
2.227270871465283908e-02
2.228976376353620711e-02
2.230630472986990659e-02
2.232329174811241435e-02
2.233980026600985991e-02
2.235668558387754468e-02
2.237307056251495660e-02
2.238967731874560302e-02
2.240565573617129755e-02
2.242174186318152823e-02
2.243714352680929378e-02
2.245258532362894716e-02
2.246741871124957948e-02
2.248215597497600984e-02
2.249625701688569290e-02
2.251030755532423475e-02
2.252394852204206432e-02
2.253765171713988102e-02
2.255076357443450835e-02
2.256352321006274350e-02
2.257542484736605598e-02
2.258682610282108233e-02
2.259751190579285460e-02
2.260791008376407396e-02
2.261771691062678183e-02
2.262718964188961332e-02
2.263605866474548145e-02
2.264443170955564646e-02
2.265213046756234250e-02
2.265921925189305630e-02
2.266567928413057778e-02
2.267146204590283001e-02
2.267673059048986445e-02
2.268122607573509752e-02
2.268526329442596690e-02
2.268837691260710068e-02
2.269111401685051932e-02
2.269284038233216477e-02
2.269427717334837266e-02
2.269467142439835980e-02
2.269481748088135811e-02
2.269383465347426382e-02
2.269265395559874610e-02
2.269023985906858804e-02
2.268774620818830856e-02
2.268390706179390301e-02
2.268011094355451562e-02
2.267487273790545765e-02
2.266978868027975241e-02
2.266320589651065615e-02
2.265685535293831404e-02
2.264892511746047221e-02
2.264132018904405769e-02
2.263207359414953421e-02
2.262322432743273104e-02
2.261269184713030761e-02
2.260263183273957671e-02
2.259088919652777611e-02
2.257963696641993728e-02
2.256671518113310265e-02
2.255439309161151595e-02
2.254031867049038906e-02
2.252696171037480571e-02
2.251184203615947538e-02
2.249746703036632767e-02
2.248137576543661476e-02
2.246609925421102355e-02
2.244900636763779919e-02
2.243285876771681717e-02
2.241489302721247356e-02
2.239793337223374217e-02
2.237918689725974103e-02
2.236154772985386036e-02
2.234208579654883148e-02
2.232379828946740030e-02
2.230371390003304047e-02
2.228488155657903230e-02
2.226427105622234837e-02
2.224499447120968990e-02
2.222394036284112279e-02
2.220425444152781050e-02
2.218284790334117129e-02
2.216282801587906789e-02
2.214118269869157218e-02
2.212095893402186986e-02
2.209918016753390640e-02
2.207882420291411990e-02
2.205699292874295503e-02
2.203659603300887199e-02
2.201481201116433847e-02
2.199449126398587279e-02
2.197289149187217627e-02
2.195274158976095319e-02
2.193137745910992559e-02
2.191148027582186242e-02
2.189050415603379166e-02
2.187097725606859319e-02
2.185045466808650805e-02
2.183137502495104132e-02
2.181143564356226999e-02
2.179288066706197569e-02
2.177366318684236662e-02
2.175576071936121542e-02
2.173732388997712955e-02
2.172012832742818006e-02
2.170262538128390345e-02
2.168622626539559728e-02
2.166974439893108728e-02
2.165424474313161485e-02
2.163885119583917188e-02
2.162433600247710280e-02
2.161016132977817278e-02
2.159674136621688584e-02
2.158383953800492583e-02
2.157160839646726086e-02
2.156002849163524138e-02
2.154907163988908220e-02
2.153892386683781829e-02
2.152929007405954970e-02
2.152064068104754882e-02
2.151242452680163231e-02
2.150536396249786569e-02
2.149858261775153268e-02
2.149321633538810172e-02
2.148796170781293313e-02
2.148435121096957390e-02
2.148068468864008235e-02
2.147889787707457643e-02
2.147689979766681523e-02
2.147695072085228224e-02
2.147671576007900013e-02
2.147865398005954773e-02
2.148025675450950314e-02
2.148410076907441776e-02
2.148758113526868380e-02
2.149337405915242166e-02
2.149875790264714481e-02
2.150654653585914317e-02
2.151386251877504541e-02
2.152369825349986776e-02
2.153297758673569998e-02
2.154487538398655588e-02
2.155616369654891895e-02
2.157010700131915121e-02
2.158346171724867882e-02
2.159943121307475455e-02
2.161489202542728541e-02
2.163287275250394548e-02
2.165045684476049614e-02
2.167045494603415251e-02
2.169015681831080317e-02
2.171218126568376719e-02
2.173399554460688637e-02
2.175802107013653786e-02
2.178196265141772031e-02
2.180795791795240440e-02
2.183401191521350607e-02
2.186196235330763182e-02
2.189010721443506932e-02
2.191998722811412670e-02
2.195018515474506104e-02
2.198196529474962663e-02
2.201419810313116898e-02
2.204781731578181470e-02
2.208206290446488793e-02
2.211746030935748952e-02
2.215369189709957137e-02
2.219079661787668259e-02
2.222900141908353000e-02
2.226773584036496889e-02
2.230781866209210693e-02
2.234815852498151997e-02
2.239003981083642625e-02
2.243196112320712185e-02
2.247552986805777947e-02
2.251899147548307861e-02
2.256416889030809017e-02
2.260906327760743573e-02
2.265581601560823916e-02
2.270204695677221704e-02
2.275027821726948590e-02
2.279775800964628854e-02
2.284737852071930947e-02
2.289603766228043985e-02
2.294693262467003073e-02
2.299672941883846439e-02
2.304871813634385563e-02
2.309963000395746577e-02
2.315258201045429509e-02
2.320450840341575782e-02
2.325831901233788371e-02
2.331113239117510449e-02
2.336572382820308741e-02
2.341930394000079838e-02
2.347455305561891442e-02
2.352882384074726080e-02
2.358456531978686196e-02
2.363946112364028948e-02
2.369556564876618837e-02
2.375097493228886872e-02
2.380733198851722049e-02
2.386310063160160602e-02
2.391958883249653903e-02
2.397562888604843484e-02
2.403205966080706329e-02
2.408830970968598578e-02
2.414455657565235669e-02
2.420084801200239610e-02
2.425683513993584853e-02
2.431303857588729134e-02
2.436857597878089657e-02
2.442464540359716441e-02
2.447961825807787317e-02
2.453528226523277872e-02
2.458972741275125204e-02
2.464481419628259881e-02
2.469850224350961243e-02
2.475304603906790940e-02
2.480576073855237512e-02
2.485955579863814019e-02
2.491134360294551889e-02
2.496412414109782166e-02
2.501489694776089928e-02
2.506655702626459439e-02
2.511612754871949196e-02
2.516659709502303346e-02
2.521484214042181426e-02
2.526390658631252895e-02
2.531083250349067115e-02
2.535834387791260913e-02
2.540370466036596248e-02
2.544957223520855766e-02
2.549342246405960494e-02
2.553742286369290598e-02
2.557956355482937302e-02
2.562159954416189100e-02
2.566204254380091004e-02
2.570195439122535327e-02
2.574047120616961004e-02
2.577824258190318171e-02
2.581481716696075804e-02
2.585013101237024213e-02
2.588458718844060050e-02
2.591751852001038248e-02
2.594981409043183723e-02
2.598024037273557671e-02
2.601016728256171778e-02
2.603795805506020286e-02
2.606552346017386446e-02
2.609063225904039579e-02
2.611568748025729081e-02
2.613803973202644820e-02
2.616049315357186003e-02
2.618006384725986985e-02
2.619981434323229164e-02
2.621654739742858287e-02
2.623337732473490433e-02
2.624726246177739794e-02
2.626122910314280731e-02
2.627212095843031725e-02
2.628303711610305640e-02
2.629099429032632704e-02
2.629866558924841280e-02
2.630370107693770845e-02
2.630814019727143252e-02
2.631014797017281609e-02
2.631138158290212067e-02
2.631037847993394907e-02
2.630819208235443685e-02
2.630408499387281926e-02
2.629847979863685764e-02
2.629130396523465460e-02
2.628227214550885385e-02
2.627194078375621675e-02
2.625937406201608870e-02
2.624591584941791261e-02
2.622996453153140367e-02
2.621331539265378541e-02
2.619388684459936223e-02
2.617406453427758087e-02
2.615114884185064034e-02
2.612806719286404206e-02
2.610178193637904820e-02
2.607538176652922021e-02
2.604583425611010569e-02
2.601613545418248255e-02
2.598321919172642824e-02
2.595016145699881316e-02
2.591407223067760529e-02
2.587766286777186397e-02
2.583830021536992483e-02
2.579852780039095655e-02
2.575607455475764640e-02
2.571289931617274857e-02
2.566741253568536121e-02
2.562085277849832088e-02
2.557233085355779117e-02
2.552252650019001465e-02
2.547110758353893570e-02
2.541798914899850645e-02
2.536367132049665435e-02
2.530730743626738097e-02
2.525015771421372165e-02
2.519062042523659284e-02
2.513071131093402855e-02
2.506819300736015665e-02
2.500554959137236272e-02
2.494006424086888524e-02
2.487465156749901068e-02
2.480636177027157122e-02
2.473830731634186694e-02
2.466730952117534431e-02
2.459660623699654047e-02
2.452308216480397415e-02
2.444973575887701700e-02
2.437385201786083574e-02
2.429800350259655323e-02
2.421982777489607025e-02
2.414150156847954393e-02
2.406119616083197271e-02
2.398046988792255571e-02
2.389824786932895004e-02
2.381513098765412201e-02
2.373091700917399210e-02
2.364557524321021786e-02
2.355967155562602167e-02
2.347226063363764062e-02
2.338472157194240036e-02
2.329533007724571281e-02
2.320613391846890888e-02
2.311493099027283477e-02
2.302429050299818758e-02
2.293153447153994245e-02
2.283956760843149428e-02
2.274536075643341856e-02
2.265207085981957649e-02
2.255659179015053264e-02
2.246205613925471994e-02
2.236546675132049591e-02
2.226973907480129730e-02
2.217229414127752304e-02
2.207543775050908180e-02
2.197723605997754792e-02
2.187942608986231247e-02
2.178065111854535219e-02
2.168190522620228045e-02
2.158275834622608302e-02
2.148328467794038271e-02
2.138387396011577624e-02
2.128383908645849198e-02
2.118427030823086255e-02
2.108370707995920260e-02
2.098420191137078880e-02
2.088343024715610952e-02
2.078399187441344609e-02
2.068307957267556327e-02
2.058378329597464890e-02
2.048299276284842527e-02
2.038390171719984406e-02
2.028341589121179442e-02
2.018464196706845279e-02
2.008467126094184638e-02
1.998623346472584023e-02
1.988691834746553547e-02
1.978893091608801072e-02
1.969050144819786685e-02
1.959307588061218186e-02
1.949568440288775018e-02
1.939890737833491891e-02
1.930270506611266035e-02
1.920670749210048531e-02
1.911181643481580164e-02
1.901676958225467784e-02
1.892328376580735758e-02
1.882930632102223362e-02
1.873731517933150542e-02
1.864459642929504335e-02
1.855410675874915802e-02
1.846282258154319580e-02
1.837391303683143587e-02
1.828425852230143936e-02
1.819691976407570438e-02
1.810904904344524946e-02
1.802342847450979363e-02
1.793752169362547444e-02
1.785356651169302949e-02
1.776977701736566842e-02
1.768760216485558423e-02
1.760610707193329544e-02
1.752575434996275772e-02
1.744663590871090714e-02
1.736819136735581748e-02
1.729148343339816096e-02
1.721510709876470507e-02
1.714091173608541310e-02
1.706668263869045438e-02
1.699500128549966821e-02
1.692306187096998329e-02
1.685387543038844443e-02
1.678439416390007863e-02
1.671777380813925518e-02
1.665088403538309003e-02
1.658674498423312604e-02
1.652255603258803024e-02
1.646090830523393861e-02
1.639959817215323051e-02
1.634042420353634673e-02
1.628208116375216147e-02
1.622542568678149444e-02
1.617012508136459956e-02
1.611600201927829851e-02
1.606374205744094674e-02
1.601218362424766672e-02
1.596298052037546655e-02
1.591410387316833513e-02
1.586792043944588310e-02
1.582177954757826854e-02
1.577861415134096737e-02
1.573533025194164686e-02
1.569511555601472985e-02
1.565476427150044869e-02
1.561737071920431957e-02
1.558008798959399990e-02
1.554549840871372393e-02
1.551134072417221024e-02
1.547943507863842189e-02
1.544846029813360701e-02
1.541918766471800373e-02
1.539141645436819042e-02
1.536482433088533391e-02
1.534018678069334896e-02
1.531625732268795254e-02
1.529472729291460331e-02
1.527346153078883682e-02
1.525497153693496435e-02
1.523641844376242768e-02
1.522085321176995867e-02
1.520507397981105818e-02
1.519230084045274098e-02
1.517939652565371278e-02
1.516926730770965653e-02
1.515927096494087793e-02
1.515169359517286318e-02
1.514459903655106070e-02
1.513943471052088888e-02
1.513526609492110882e-02
1.513242694618846182e-02
1.513111651029930976e-02
1.513056805650023554e-02
1.513206255213907919e-02
1.513374938747876972e-02
1.513791597831107803e-02
1.514186951334783350e-02
1.514853554779361025e-02
1.515477652151800761e-02
1.516377507712050182e-02
1.517233503204049906e-02
1.518346563479762955e-02
1.519435470110019025e-02
1.520746557901712405e-02
1.522067478534356449e-02
1.523560154448799255e-02
1.525109817020075045e-02
1.526771383103607722e-02
1.528543671071551022e-02
1.530364331021986241e-02
1.532346572164770132e-02
1.534320082445773080e-02
1.536499545077147331e-02
1.538622952603648647e-02
1.540978287601588170e-02
1.543251198413230982e-02
1.545761995509473477e-02
1.548187387548511686e-02
1.550830464957543911e-02
1.553408829478452463e-02
1.556163064079739596e-02
1.558889061054262969e-02
1.561737546346305718e-02
1.564605991825635672e-02
1.567535741684557282e-02
1.570539614118474786e-02
1.573535693278345360e-02
1.576657553765447098e-02
1.579716115439284974e-02
1.582941169621752617e-02
1.586058286820210550e-02
1.589370600851715970e-02
1.592543126467011599e-02
1.595906218241378849e-02
1.599144275217646155e-02
1.602538587862856884e-02
1.605834750878077158e-02
1.609242339374516648e-02
1.612593788451234522e-02
1.615994743530310696e-02
1.619391587118393719e-02
1.622774351378902802e-02
1.626209866649567376e-02
1.629562706722688728e-02
1.633019962742926143e-02
1.636341448957676775e-02
1.639795432913394857e-02
1.643081273392548586e-02
1.646513504960655377e-02
1.649766754686325665e-02
1.653149871086358885e-02
1.656372619698255610e-02
1.659684879373817673e-02
1.662879206266354784e-02
1.666102334996177881e-02
1.669258033827237045e-02
1.672377176904287638e-02
1.675488311534428093e-02
1.678492587527016799e-02
1.681545794225064797e-02
1.684431070705432604e-02
1.687406886519476207e-02
1.690176263206880428e-02
1.693048648499815428e-02
1.695707104624597644e-02
1.698460912372772025e-02
1.701006916896875484e-02
1.703614252428281226e-02
1.706052885906363462e-02
1.708491284127944265e-02
1.710825236149222245e-02
1.713088486774758806e-02
1.715304857563116139e-02
1.717381157692902255e-02
1.719473015768003404e-02
1.721365647447097025e-02
1.723310663160125544e-02
1.725016956455453776e-02
1.726800741578195936e-02
1.728330240199612428e-02
1.729925611442680033e-02
1.731291174033480762e-02
1.732677939118130311e-02
1.733878640531396481e-02
1.735042440722783796e-02
1.736079430264237181e-02
1.737011502843775063e-02
1.737883055090502088e-02
1.738582752231125628e-02
1.739283192613682791e-02
1.739749847970491203e-02
1.740257015820992348e-02
1.740500209914062901e-02
1.740797565884871084e-02
1.740825544648465922e-02
1.740889954953660224e-02
1.740716990048203627e-02
1.740536558681221591e-02
1.740168749480545604e-02
1.739728901787498255e-02
1.739169508648617454e-02
1.738466257134099399e-02
1.737714724119151372e-02
1.736751753452542985e-02
1.735798486173861788e-02
1.734583575368991645e-02
1.733410577207056269e-02
1.731962010337270014e-02
1.730556011150509443e-02
1.728885414918677338e-02
1.727228316660699842e-02
1.725351530936190814e-02
1.723433068412230651e-02
1.721358268400203367e-02
1.719169623874175837e-02
1.716900049387273114e-02
1.714446760600543684e-02
1.711979011384585567e-02
1.709271837300109162e-02
1.706596533092608753e-02
1.703648552030259666e-02
1.700750945611082671e-02
1.697584558705593494e-02
1.694452450298561397e-02
1.691084597803324888e-02
1.687704298516427837e-02
1.684152929014984604e-02
1.680517738769691377e-02
1.676789870403905605e-02
1.672905812517430646e-02
1.669001417696478959e-02
1.664877648475440036e-02
1.660790630094342163e-02
1.656447159269315225e-02
1.652164536409610196e-02
1.647623104834092939e-02
1.643135104392970045e-02
1.638416966532280777e-02
1.633713607178926067e-02
1.628843377350143104e-02
1.623915684408898386e-02
1.618903359119932411e-02
1.613758184276745805e-02
1.608605270898782330e-02
1.603255412248696249e-02
1.597956855615449354e-02
1.592425304363404015e-02
1.586974375932577105e-02
1.581282298935142092e-02
1.575665071174208939e-02
1.569840828238563274e-02
1.564049161472241822e-02
1.558111314361784912e-02
1.552141417737760119e-02
1.546110211008872373e-02
1.539967294530960457e-02
1.533840562699865726e-02
1.527540425219522935e-02
1.521321939650830020e-02
1.514889398169007480e-02
1.508566278033423962e-02
1.502028652611250154e-02
1.495590814864451029e-02
1.488976994147576428e-02
1.482411948878171321e-02
1.475742509039200401e-02
1.469055088174678683e-02
1.462345723790429639e-02
1.455539772259227711e-02
1.448794677767030123e-02
1.441891632388368587e-02
1.435106564066521151e-02
1.428131164188900168e-02
1.421296535553401297e-02
1.414280537092284240e-02
1.407380155530196450e-02
1.400350772134844463e-02
1.393383193736696946e-02
1.386363729005967230e-02
1.379326995029295927e-02
1.372324910756087327e-02
1.365234241539736021e-02
1.358256322439456085e-02
1.351131469264990788e-02
1.344161709828018032e-02
1.337031278681985458e-02
1.330064387959936645e-02
1.322963094162754594e-02
1.315990996165113114e-02
1.308941415353477924e-02
1.301950977396233895e-02
1.294974777834415058e-02
1.287976504407291854e-02
1.281076343608664701e-02
1.274083285344853635e-02
1.267256773696197325e-02
1.260297311767576145e-02
1.253530860376873141e-02
1.246635993145180782e-02
1.239918139705767884e-02
1.233117776713549621e-02
1.226436668987893226e-02
1.219751460179574476e-02
1.213105167972666244e-02
1.206549085387184986e-02
1.199954431555987772e-02
1.193526038887686089e-02
1.187000102223310753e-02
1.180686887447872022e-02
1.174260468005264464e-02
1.168045326783117427e-02
1.161748599455017864e-02
1.155615674474618285e-02
1.149471198144928069e-02
1.143418167042250036e-02
1.137444017927622883e-02
1.131472596691783690e-02
1.125667730280603164e-02
1.119798937368503798e-02
1.114152282405179648e-02
1.108411798610661747e-02
1.102905195246559576e-02
1.097322205297756106e-02
1.091939515305492478e-02
1.086541482994822505e-02
1.081271136612112910e-02
1.076074457332240782e-02
1.070915503523752269e-02
1.065922743166573643e-02
1.060889562006472366e-02
1.056087423245414061e-02
1.051205155028065927e-02
1.046574155484924877e-02
1.041872559987881176e-02
1.037392872930293156e-02
1.032899347122940084e-02
1.028553496518169394e-02
1.024284834669824881e-02
1.020071098037931244e-02
1.016025301280827631e-02
1.011955317267092952e-02
1.008119749568165031e-02
1.004214513081684058e-02
1.000570034303921441e-02
9.968615908273407988e-03
9.933811361283250568e-03
9.898904168366537762e-03
9.865567047424788488e-03
9.832988713175510806e-03
9.801033374649411115e-03
9.770818313162401084e-03
9.740386522835087907e-03
9.712368757620930271e-03
9.683676996442229512e-03
9.657602934389733496e-03
9.630911238089843660e-03
9.606493398875280698e-03
9.582046271573387355e-03
9.559100026974871184e-03
9.536995240429470971e-03
9.515445436461893516e-03
9.495667904905948087e-03
9.475582738298803792e-03
9.457944829222596217e-03
9.439553956043018890e-03
9.423743101890704257e-03
9.407340885394395100e-03
9.393082008420181733e-03
9.378878455806840403e-03
9.365984422890400590e-03
9.354034622426534579e-03
9.342420318946274491e-03
9.332689026449958458e-03
9.322468220506249098e-03
9.314691156069419484e-03
9.306069198603670115e-03
9.299920135592516096e-03
9.293189010338348544e-03
9.288357452948033804e-03
9.283680764334032581e-03
9.279964664737662405e-03
9.277387298710058211e-03
9.274770004125944267e-03
9.274133693360227249e-03
9.272764655904911293e-03
9.273793302842975317e-03
9.273881614513212329e-03
9.276216010065455736e-03
9.278031718634630054e-03
9.281351342478132843e-03
9.285011802731005931e-03
9.289147752582500861e-03
9.294608521447870336e-03
9.299602765722305570e-03
9.306681694425524703e-03
9.312703905912536259e-03
9.321000562428679442e-03
9.328319109925304817e-03
9.337484194119925057e-03
9.346299337632446927e-03
9.356060410918246723e-03
9.366432316662710866e-03
9.376689023123399580e-03
9.388488591550532905e-03
9.399338719544209075e-03
9.412265360596687447e-03
9.423925233468959106e-03
9.437598423459054447e-03
9.450350458234391127e-03
9.464403400535711941e-03
9.478383980314315782e-03
9.492599990867066351e-03
9.507779031993835589e-03
9.522181143792600444e-03
9.538312463859157861e-03
9.553059956614489909e-03
9.569767578167940464e-03
9.585137787615584382e-03
9.602002963017105402e-03
9.618223955066600855e-03
9.634986901660681780e-03
9.652103399630955483e-03
9.668650936610423755e-03
9.686507659100944412e-03
9.702979799801652455e-03
9.721218675360930594e-03
9.737870440248959716e-03
9.756085969160740654e-03
9.773159050020390620e-03
9.790998586589546443e-03
9.808641398565645653e-03
9.825924356951957345e-03
9.844049864397994704e-03
9.860841225950840033e-03
9.879141128944196604e-03
9.895666396311331853e-03
9.913737446997871600e-03
9.930295744167693187e-03
9.947739134123263424e-03
9.964513655301128828e-03
9.981103153950307214e-03
9.998085383780008079e-03
1.001380960880251733e-02
1.003077873006895208e-02
1.004585109923175623e-02
1.006237823674124149e-02
1.007709016139980880e-02
1.009276548925855214e-02
1.010739753936472016e-02
1.012192421437855747e-02
1.013650096223486785e-02
1.014987106529582732e-02
1.016418670564195499e-02
1.017654230229106047e-02
1.019025767503751664e-02
1.020195081025467715e-02
1.021457224284444756e-02
1.022586798811843563e-02
1.023713903108063733e-02
1.024812973398544699e-02
1.025794141265009771e-02
1.026850152727861593e-02
1.027703701751196165e-02
1.028678469310471966e-02
1.029437120178863102e-02
1.030287975045862670e-02
1.030982287316018452e-02
1.031675111392693286e-02
1.032321486000349446e-02
1.032848540183613217e-02
1.033432739111026302e-02
1.033809297353590478e-02
1.034299842353784624e-02
1.034561150127339194e-02
1.034908363654320901e-02
1.035089369386435129e-02
1.035265726777063501e-02
1.035381894127083112e-02
1.035374056614211599e-02
1.035417279308122572e-02
1.035244709647842667e-02
1.035178074148856639e-02
1.034878155714166401e-02
1.034658491518516271e-02
1.034267339199432950e-02
1.033863112377340909e-02
1.033397097142512919e-02
1.032799739809309343e-02
1.032251487868414593e-02
1.031481462992465264e-02
1.030815068404936086e-02
1.029912283688931562e-02
1.029083183741363698e-02
1.028084153848172512e-02
1.027061949772306582e-02
1.025987490681115610e-02
1.024766798000773665e-02
1.023602146528247367e-02
1.022210065767300072e-02
1.020922362359314925e-02
1.019399569939437658e-02
1.017943496440623478e-02
1.016332695847203121e-02
1.014679272293006300e-02
1.012991229900344139e-02
1.011143370723021143e-02
1.009364728101720676e-02
1.007351683199270154e-02
1.005443996815362159e-02
1.003311664696032897e-02
1.001231588282606652e-02
9.990189241508736634e-03
9.967457306584010662e-03
9.944643802327478299e-03
9.920036469765660531e-03
9.896318805743327396e-03
9.870245985139015216e-03
9.845216020934563494e-03
9.818120715973783358e-03
9.791373304593559493e-03
9.763630670117283417e-03
9.735007641081826896e-03
9.706655679599926478e-03
9.676341458451993144e-03
9.647102053554564710e-03
9.615538378886057808e-03
9.584979951240343854e-03
9.552675370564226928e-03
9.520445773402148523e-03
9.487671049734030734e-03
9.453716917743798520e-03
9.420416448188103850e-03
9.385016845013607195e-03
9.350843468219566593e-03
9.314510954757160288e-03
9.279052803474073172e-03
9.242275426452978282e-03
9.205244576568114012e-03
9.168213156781509360e-03
9.129678381535968196e-03
9.092197798466546133e-03
9.052561143937216948e-03
9.014230787571507822e-03
8.974042432052232315e-03
8.934426286346438401e-03
8.894084251612567604e-03
8.853057562817668452e-03
8.812612499024170126e-03
8.770402489019744896e-03
8.729571183373228266e-03
8.686682542489443382e-03
8.644979645358687181e-03
8.601931162937679134e-03
8.559052175676023361e-03
8.516119190503577269e-03
8.472060959077640230e-03
8.429151593191111860e-03
8.384314498529037846e-03
8.341025565884794060e-03
8.295995218082538591e-03
8.251861602072332186e-03
8.207072214148980818e-03
8.161911552586076715e-03
8.117472756503360531e-03
8.071498667237034588e-03
8.027098820465830564e-03
7.980819594088028879e-03
7.935972261120092033e-03
7.889969631776955553e-03
7.844327494946651269e-03
7.798882375309855279e-03
7.752487132968593347e-03
7.707486197378742195e-03
7.660742020437868310e-03
7.615737328438040681e-03
7.569251490840539151e-03
7.523790155149747035e-03
7.477986929219462495e-03
7.431876681166200288e-03
7.386845465297098984e-03
7.340378201563118460e-03
7.295739971145936975e-03
7.249472634912462743e-03
7.204739717040211863e-03
7.159251320959699946e-03
7.114081082517919111e-03
7.069571112201900737e-03
7.024073269084734131e-03
6.980336181983243758e-03
6.935004177703891354e-03
6.891530520919726503e-03
6.846979471399596007e-03
6.803332268017706595e-03
6.759921690985165252e-03
6.716016476980279058e-03
6.673687774164333529e-03
6.629926815144538202e-03
6.588206304686457584e-03
6.545211120876062195e-03
6.503590462717199691e-03
6.461845069532692019e-03
6.420114544066296558e-03
6.379680876829591993e-03
6.338086842922525770e-03
6.298601952327232724e-03
6.257734302067786622e-03
6.218619028117143045e-03
6.179053862935031914e-03
6.139964734266784019e-03
6.101902537746447391e-03
6.062962110192123520e-03
6.026103559348865504e-03
5.987863865466297973e-03
5.951633038321572054e-03
5.914715167245869140e-03
5.878674321935325152e-03
5.843377744871274329e-03
5.807507116748499704e-03
5.773635414989018028e-03
5.738438639327332613e-03
5.705416371509616086e-03
5.671525642540788982e-03
5.638832082564385756e-03
5.606642707541232423e-03
5.574184181924350841e-03
5.543590087963575809e-03
5.511755764529921268e-03
5.482209854190391203e-03
5.451654730314847014e-03
5.422558692114876761e-03
5.393768013785009766e-03
5.364939083141836290e-03
5.337842279800650291e-03
5.309593994647749185e-03
5.283681164378934217e-03
5.256687184375588053e-03
5.231348429979450730e-03
5.206133415720641880e-03
5.181060518744767113e-03
5.157623752953088836e-03
5.133122147858147112e-03
5.110965728260988272e-03
5.087686308346830825e-03
5.066172628632095026e-03
5.044656790895024612e-03
5.023429487381541637e-03
5.003729919703841025e-03
4.983029105772672669e-03
4.964654407035322750e-03
4.945100326922234092e-03
4.927385422379053879e-03
4.909577455642927940e-03
4.892142380978669117e-03
4.876162273076787602e-03
4.859208992348268939e-03
4.844591850561057005e-03
4.828758017315181242e-03
4.814789948488821213e-03
4.800681705379580486e-03
4.786949977301170958e-03
4.774654722459300421e-03
4.761362595405834765e-03
4.750378241576862226e-03
4.738157585798331503e-03
4.727772318759921114e-03
4.717231797856163630e-03
4.707018102392945998e-03
4.698240547230950019e-03
4.688413134390676321e-03
4.680886540918366076e-03
4.672089134756016171e-03
4.665056284858264471e-03
4.657907476239602634e-03
4.650952506707907268e-03
4.645490239800689238e-03
4.638879626862190027e-03
4.634537416311592176e-03
4.628930484894351952e-03
4.624946382342291079e-03
4.620925838285949890e-03
4.616923176128735068e-03
4.614486145064100597e-03
4.610772656527510269e-03
4.609284930367362962e-03
4.606565039731438591e-03
4.605272151541157759e-03
4.604081640225813656e-03
4.602675171650529376e-03
4.602918390157739563e-03
4.601767241027477154e-03
4.602771561212140421e-03
4.602595469693255767e-03
4.603607572397093277e-03
4.604901456033384452e-03
4.605687259625082519e-03
4.608236543869419916e-03
4.609261879913701711e-03
4.612327828835190852e-03
4.614331601151380573e-03
4.617213532442755904e-03
4.620607667853335668e-03
4.623164100711217930e-03
4.627604589332458274e-03
4.630412971228558931e-03
4.635090051571450799e-03
4.638908568079866748e-03
4.643188323555096260e-03
4.648262961178942221e-03
4.652162006874609873e-03
4.658022824966482657e-03
4.662224111683179600e-03
4.668017247884686735e-03
4.673218138868898835e-03
4.678410754683764300e-03
4.684736230839961837e-03
4.689560902475172453e-03
4.696348828272357313e-03
4.701556992412152421e-03
4.707966138732437925e-03
4.714168348776827215e-03
4.719838192928510479e-03
4.726928813171632493e-03
4.732272102011174722e-03
4.739473606261163791e-03
4.745299478762957796e-03
4.751823423667538189e-03
4.758586267004942874e-03
4.764285997529091495e-03
4.771659895639860163e-03
4.777157061469286016e-03
4.784253640664634655e-03
4.790333462303317941e-03
4.796498667604193016e-03
4.803399684953368193e-03
4.808760207142420869e-03
4.815914141234100068e-03
4.821228536341665843e-03
4.827713053206535501e-03
4.833695414119074801e-03
4.839076669905350257e-03
4.845674899387121537e-03
4.850363019389869815e-03
4.856770588953186404e-03
4.861633436264257979e-03
4.867036013332774053e-03
4.872550938858268704e-03
4.876792328392566198e-03
4.882611667013933912e-03
4.886387867363675523e-03
4.891567131122603537e-03
4.895713029107457218e-03
4.899620715478903051e-03
4.904318603523386173e-03
4.907178034960866554e-03
4.911729366121661729e-03
4.914424458545785246e-03
4.917913073834932411e-03
4.921085439281270603e-03
4.923199175014471296e-03
4.926651121148787824e-03
4.927989944208240047e-03
4.930807960254048744e-03
4.932267064065034255e-03
4.933700069146380526e-03
4.935630305224340472e-03
4.935798934132438857e-03
4.937585488237741446e-03
4.937345844443676544e-03
4.938018343565596727e-03
4.938132999035373116e-03
4.937283070900049496e-03
4.937642936789580703e-03
4.935833637982903199e-03
4.935516516242570428e-03
4.933718107015212795e-03
4.931923621006200839e-03
4.930519025081885748e-03
4.927343339000691061e-03
4.925742535199782376e-03
4.922068169978111377e-03
4.919290286070814380e-03
4.915920176957053883e-03
4.911526765010639298e-03
4.908345282824773739e-03
4.902957263618355765e-03
4.899017802729162957e-03
4.893622123562179835e-03
4.888113091903446145e-03
4.883086981039846605e-03
4.876170734427011377e-03
4.870851284228866832e-03
4.863500536417200357e-03
4.856883837325218917e-03
4.849871399777329686e-03
4.841622830941223234e-03
4.834719140521486283e-03
4.825576809119833457e-03
4.817767374705714950e-03
4.808744111675399176e-03
4.799301909094073199e-03
4.790621476066811088e-03
4.779890551826761549e-03
4.770768063452848762e-03
4.759796524484964306e-03
4.749226670494660282e-03
4.738676966726132131e-03
4.726564753068356745e-03
4.715996771799247853e-03
4.703244698097248933e-03
4.691571010905760952e-03
4.679152632372800616e-03
4.665846901270838745e-03
4.653730743393786652e-03
4.639411866813587457e-03
4.626602493703868210e-03
4.612384382626127585e-03
4.598033669052958503e-03
4.584313277283422368e-03
4.568644766980241648e-03
4.554656918464797949e-03
4.538778398686691556e-03
4.523470740198641017e-03
4.508145419028242520e-03
4.491344198218139364e-03
4.476158049234781229e-03
4.458829518118599330e-03
4.442637194008754523e-03
4.425792023997085142e-03
4.408065214435923085e-03
4.391657004572360051e-03
4.373088857793278050e-03
4.356062607320139446e-03
4.337815882867059047e-03
4.319330933523586255e-03
4.301738136097793888e-03
4.282147089193916178e-03
4.264317236422918676e-03
4.244838490462889830e-03
4.225722768515535396e-03
4.207006125165505678e-03
4.186623049219954928e-03
4.168035805233648479e-03
4.147516889581948432e-03
4.127892230449920624e-03
4.108163608823613665e-03
4.087203862082710096e-03
4.067921953537313728e-03
4.046568548043335059e-03
4.026537977101808490e-03
4.005922475477844899e-03
3.984555355705967153e-03
3.964656748692646504e-03
3.942688048376432816e-03
3.922362959152445386e-03
3.901043290387110930e-03
3.879442652010289382e-03
3.859028143637861178e-03
3.836663287581669121e-03
3.816136286834748148e-03
3.794276605998616377e-03
3.772600628474900245e-03
3.751788693140961119e-03
3.729210336959658690e-03
3.708584358795834202e-03
3.686374648023436635e-03
3.664758034883623932e-03
3.643690121434899239e-03
3.621089193667301892e-03
3.600475647341863390e-03
3.578120287861177341e-03
3.556700112790472587e-03
3.535518524376068689e-03
3.513075562670736011e-03
3.492581615853607071e-03
3.470234664111924300e-03
3.449134939834427697e-03
3.427998060863735735e-03
3.405852913851735615e-03
3.385613432831600413e-03
3.363472784506857209e-03
3.342801092200704816e-03
3.321872361661843721e-03
3.300187668091247688e-03
3.280313114641568786e-03
3.258537301962128197e-03
3.238423408288154844e-03
3.217847783818542431e-03
3.196741824508354292e-03
3.177366040810570679e-03
3.156091727253135075e-03
3.136626279698705166e-03
3.116552263342464886e-03
3.096127968325366239e-03
3.077373228763288261e-03
3.056748342402905265e-03
3.038026523130755822e-03
3.018600766969067439e-03
2.998979186129179485e-03
2.980965421428304497e-03
2.961112649639145982e-03
2.943237516959764950e-03
2.924590038676008058e-03
2.905849717386825570e-03
2.888675560501592458e-03
2.869691791992125263e-03
2.852747114005692135e-03
2.834989840479145047e-03
2.817194843557297660e-03
2.800974992939413329e-03
2.782957511763686949e-03
2.766995777935889710e-03
2.750237689234663260e-03
2.733461362091398495e-03
2.718272822944216988e-03
2.701296870693684418e-03
2.686394864451000300e-03
2.670727643230023408e-03
2.655009986389938320e-03
2.640945994191889849e-03
2.625080872622411517e-03
2.611270480295471534e-03
2.596779502259141843e-03
2.582150712408499450e-03
2.569259219669189041e-03
2.554565144452064854e-03
2.541880538640775913e-03
2.528636106116841347e-03
2.515131035287606048e-03
2.503462136294116753e-03
2.489977706691440598e-03
2.478426691029230518e-03
2.466475396657118267e-03
2.454096981784783475e-03
2.443681804022070341e-03
2.431445729353207564e-03
2.421026370670091576e-03
2.410421728706307366e-03
2.399171757671513493e-03
2.390013991551988813e-03
2.379057292825614411e-03
2.369740529107990448e-03
2.360505832183219625e-03
2.350377901136284798e-03
2.342464119593064015e-03
2.332821128778748195e-03
2.324572564627216086e-03
2.316724471997248617e-03
2.307719302000047542e-03
2.301005889597074021e-03
2.292691611977754843e-03
2.285462313207152311e-03
2.278984370029223799e-03
2.271082456194379803e-03
2.265508309027359102e-03
2.258538826586080871e-03
2.252260753542379389e-03
2.247119308957337691e-03
2.240314494225130633e-03
2.235782236338604029e-03
2.230156027155914735e-03
2.224759595189500748e-03
2.220892981615310222e-03
2.215190472406531989e-03
2.211593269440246569e-03
2.207309604249102757e-03
2.202738448816535244e-03
2.200051944002428487e-03
2.195459744667599584e-03
2.192669247680771247e-03
2.189701536292127087e-03
2.185905808437251310e-03
2.184261271076745527e-03
2.180790908325785406e-03
2.178674527291828492e-03
2.176961023815978096e-03
2.173911105742907211e-03
2.173153700143507124e-03
2.170823035071329631e-03
2.169238761406378467e-03
2.168675780776267107e-03
2.166375251065358071e-03
2.166306000939683448e-03
2.165109806253937008e-03
2.163954907288642704e-03
2.164404981486251194e-03
2.162877906435314510e-03
2.163283969679044745e-03
2.163213221492514202e-03
2.162427381473497508e-03
2.163688230046212097e-03
2.162996403156323359e-03
2.163675702722836405e-03
2.164645406279709725e-03
2.164209499840934539e-03
2.166027013460448090e-03
2.166218471924893398e-03
2.166999269088417529e-03
2.168874969193232069e-03
2.168840848648143083e-03
2.170931446960660833e-03
2.172034420012995508e-03
2.172805680841083473e-03
2.175356829115487022e-03
2.175823056441921789e-03
2.177907510115705512e-03
2.179886033939241845e-03
2.180628789495096028e-03
2.183545664795539208e-03
2.184629342865997310e-03
2.186470632872325546e-03
2.189174912904945976e-03
2.189977151138939974e-03
2.192909481995575227e-03
2.194687331018638134e-03
2.196159586509064884e-03
2.199336443977256521e-03
2.200357698856976203e-03
2.202954531407797997e-03
2.205419297566943871e-03
2.206536673416310823e-03
2.209814275575279659e-03
2.211248681414443827e-03
2.213251295956000005e-03
2.216243251606332676e-03
2.217165221197524381e-03
2.220105628132741128e-03
2.222081469608202901e-03
2.223393975878910824e-03
2.226571436956968544e-03
2.227570643898107907e-03
2.229799300648791210e-03
2.232281660674466112e-03
2.233022751562692594e-03
2.235921706569757653e-03
2.237244035103904370e-03
2.238529271221512650e-03
2.241262231236840381e-03
2.241730940068012955e-03
2.243853589249684283e-03
2.245615531698913481e-03
2.246009333545051154e-03
2.248510301625567843e-03
2.249071455247452639e-03
2.250080007205765720e-03
2.252113894426457409e-03
2.251928483935061558e-03
2.253633435399399806e-03
2.254536502699506714e-03
2.254400550506793950e-03
2.256246699758266902e-03
2.255943905618156692e-03
2.256411398698092603e-03
2.257588547045782414e-03
2.256619522382592551e-03
2.257647696257803795e-03
2.257594246788963317e-03
2.256710886619050626e-03
2.257716308885162997e-03
2.256468330685802715e-03
2.256143999315582058e-03
2.256355928506638148e-03
2.254457540085363660e-03
2.254598356209430027e-03
2.253542067235598037e-03
2.251710506682396210e-03
2.251745857306244533e-03
2.249489443836886864e-03
2.248158735064415686e-03
2.247363902126051430e-03
2.244422416778081922e-03
2.243507062261414393e-03
2.241440670352846075e-03
2.238493035066842045e-03
2.237469811551662420e-03
2.234174036960061109e-03
2.231653371416179171e-03
2.229842433013293733e-03
2.225773956750725854e-03
2.223650660524273924e-03
2.220601532995789863e-03
2.216408083307606913e-03
2.214255423485501483e-03
2.209948359161312444e-03
2.206094531837705843e-03
2.203284720719272255e-03
2.198087413388707424e-03
2.194643317437517272e-03
2.190693380349637703e-03
2.185194565049895440e-03
2.181834150168109401e-03
2.176593511195492724e-03
2.171291167836830911e-03
2.167482983732598508e-03
2.161219924489061941e-03
2.156321215330094139e-03
2.151546384483853450e-03
2.144757130446545666e-03
2.140099373827547384e-03
2.134099471250638751e-03
2.127313439500815116e-03
2.122472334626927977e-03
2.115332813339367360e-03
2.108883415437426846e-03
2.103355066778578222e-03
2.095441817606883209e-03
2.089356778673151244e-03
2.082777453930492219e-03
2.074594586950475987e-03
2.068619448366570274e-03
2.060879609877368929e-03
2.052846838832311435e-03
2.046548249246539670e-03
2.037826999183367516e-03
2.030172128899169343e-03
2.023134362732867831e-03
2.013818900730788251e-03
2.006506360960659714e-03
1.998457813134919998e-03
1.988984258640856193e-03
1.981743851454716848e-03
1.972643185543940074e-03
1.963383372681228728e-03
1.955846762354683955e-03
1.945876001606406227e-03
1.937008742749534232e-03
1.928821659735073480e-03
1.918329198674559961e-03
1.909830226310048991e-03
1.900755145903146835e-03
1.890123001802725133e-03
1.881786440568600140e-03
1.871775735603868184e-03
1.861338612455008725e-03
1.852863647051333253e-03
1.842048395067764736e-03
1.832002209912158945e-03
1.823074896744629773e-03
1.811718432704602106e-03
1.802109747396138991e-03
1.792508834384312893e-03
1.780933215252928498e-03
1.771637826355161984e-03
1.761249019758327457e-03
1.749769744114630350e-03
1.740592857188715849e-03
1.729460869075600702e-03
1.718307485296209115e-03
1.708987500081116627e-03
1.697260204906147086e-03
1.686563970510604471e-03
1.676885252432886581e-03
1.664801631100964931e-03
1.654570944024025356e-03
1.644367484871407225e-03
1.632185517156540654e-03
1.622332596802700776e-03
1.611532618611131876e-03
1.599495943805175980e-03
1.589874989853073874e-03
1.578509618195144456e-03
1.566812490171431331e-03
1.557239874509000564e-03
1.545408311552693217e-03
1.534179702266408969e-03
1.524493121697325423e-03
1.512349515552969745e-03
1.501632416002635041e-03
1.491700002365090212e-03
1.479432632857328100e-03
1.469206868788880491e-03
1.458941376277395801e-03
1.446743594855155052e-03
1.436955899655212050e-03
1.426328520799215746e-03
1.414353586438322737e-03
1.404900379215512016e-03
1.393938024512393799e-03
1.382328674576740329e-03
1.373107385807594569e-03
1.361867835112876967e-03
1.350710294183082166e-03
1.341615597447635847e-03
1.330191039579394115e-03
1.319546662709175080e-03
1.310499427860114217e-03
1.298993071855605256e-03
1.288874197132266856e-03
1.279808915645743372e-03
1.268337015516035312e-03
1.258750642833961295e-03
1.249637775724625650e-03
1.238297356355615338e-03
1.229205498378270651e-03
1.220025257166922322e-03
1.208911862630408091e-03
1.200290380375250735e-03
1.191059835289260890e-03
1.180246979107787498e-03
1.172043660200394136e-03
1.162774541615806990e-03
1.152317281798896208e-03
1.144496160313088380e-03
1.135226876039806482e-03
1.125172121429056501e-03
1.117705453399431368e-03
1.108479031649846694e-03
1.098848232718394394e-03
1.091699023352990777e-03
1.082549752895480694e-03
1.073354155466267135e-03
1.066508507276743914e-03
1.057488153634581277e-03
1.048739763778250636e-03
1.042193546289856736e-03
1.033345928219041743e-03
1.025036642217602451e-03
1.018775970160441758e-03
1.010128083447172677e-03
1.002246214504348785e-03
9.962813486582469246e-04
9.878733962610968585e-04
9.804036887106309765e-04
9.747346367804564848e-04
9.665861779467082226e-04
9.595061805883247285e-04
9.541465863349613864e-04
9.462867906164698206e-04
9.395754984189242992e-04
9.345339193356146665e-04
9.269822382388947807e-04
9.206216281544606778e-04
9.159189390585335648e-04
9.086949678919402449e-04
9.026530132595000575e-04
8.982928904692551609e-04
8.914048054134462691e-04
8.856498421558911018e-04
8.816516477555292339e-04
8.751315188745094602e-04
8.696396453965540840e-04
8.660064602281850998e-04
8.598662360804125264e-04
8.545979878582720887e-04
8.513261247788271504e-04
8.455906809053974002e-04
8.405246644940844768e-04
8.376204545811891718e-04
8.323209440896331846e-04
8.274231896498455063e-04
8.248681234170045663e-04
8.200317630274516975e-04
8.152661850653000362e-04
8.130271996316288481e-04
8.086912860079649781e-04
8.040391812490174130e-04
8.020736449576556853e-04
7.982760379389483140e-04
7.937305818981655898e-04
7.919854273848981295e-04
7.887646561956260065e-04
7.843310069375072999e-04
7.827347665239988870e-04
7.801252265470786252e-04
7.758322998010916752e-04
7.742977759599460000e-04
7.723138499075588850e-04
7.682120648550736734e-04
7.666461044694985408e-04
7.652833093655315218e-04
7.614490712975067240e-04
7.597528289816676394e-04
7.589714188234275398e-04
7.555112249485666613e-04
7.536026575931267877e-04
7.533197858320588372e-04
7.503576111418774463e-04
7.481847294710129367e-04
7.482708711765100442e-04
7.459366546366261522e-04
7.434928504941133980e-04
7.437670955566994847e-04
7.421780483848382584e-04
7.395294893940672094e-04
7.397698570742285758e-04
7.389877643258675483e-04
7.362804205178045697e-04
7.362636698929291273e-04
7.362743336543305962e-04
7.337214290899770957e-04
7.332427312951369115e-04
7.339239861866889928e-04
7.318017386960366539e-04
7.307443337653690436e-04
7.318477745046878024e-04
7.304241444853942691e-04
7.288015088436879466e-04
7.299837179781825704e-04
7.294639178618614588e-04
7.274494435183522737e-04
7.283086308304837636e-04
7.287534807611658564e-04
7.266988282051349123e-04
7.268777490484143455e-04
7.281162161810728322e-04
7.264723301460144014e-04
7.257902247758091056e-04
7.274292388650138459e-04
7.266244928601673248e-04
7.251583037850114133e-04
7.266339000553967160e-04
7.269217323258453118e-04
7.250656212253005824e-04
7.258068173266330868e-04
7.271001825361388202e-04
7.254736390665845070e-04
7.251272949188568035e-04
7.269529510333318408e-04
7.261950658737110088e-04
7.248206928336268845e-04
7.264133628362983049e-04
7.268832083003136293e-04
7.250324419192332153e-04
7.256483400953589544e-04
7.271824255302469352e-04
7.257065387462884737e-04
7.249659840340542689e-04
7.268223851970211048e-04
7.265060547909211758e-04
7.247276836231926565e-04
7.258774481405066807e-04
7.269197823731894789e-04
7.250365881206413546e-04
7.247171074886547435e-04
7.265011295422270452e-04
7.256180914448569262e-04
7.238814882672010885e-04
7.251786744309281392e-04
7.258192491895291976e-04
7.236573432517540063e-04
7.233902400869548447e-04
7.250036306192549464e-04
7.237958763557472523e-04
7.218735200253050899e-04
7.230174733223094672e-04
7.234848645125851498e-04
7.210756842499770492e-04
7.204518802943896735e-04
7.219032602371615488e-04
7.206420174040903924e-04
7.182635848292373559e-04
7.189397600712143371e-04
7.194876655478934808e-04
7.169136223497722064e-04
7.154923672464024234e-04
7.166946261027389150e-04
7.157273177270707682e-04
7.127503671209451394e-04
7.125058935657799589e-04
7.132912049603681338e-04
7.108974810588965416e-04
7.083250269816052016e-04
7.088809024571731754e-04
7.085933122537502920e-04
7.052794308694983454e-04
7.035161985367607666e-04
7.042665785540935721e-04
7.026997369526426706e-04
6.990548212253899427e-04
6.981045684730510315e-04
6.984996124639241896e-04
6.957656253693245661e-04
6.922108363022325041e-04
6.918350306655291632e-04
6.915429950601304984e-04
6.879145669683231750e-04
6.846549810702558855e-04
6.845584911842640934e-04
6.834733996478007268e-04
6.792275716703810844e-04
6.762755246953532995e-04
6.762040200241862132e-04
6.743678678563285117e-04
6.697004162656380226e-04
6.669528714554862851e-04
6.667533069037061885e-04
6.643016987449734028e-04
6.593165345911082120e-04
6.566126150586591628e-04
6.562225995542624989e-04
6.533322267344790230e-04
6.480551512023991542e-04
6.451995585029763431e-04
6.446078242519344501e-04
6.414764015814282492e-04
6.359026859011801839e-04
6.326862453755091164e-04
6.318959025317619389e-04
6.287446890857857022e-04
6.228944831943364607e-04
6.191017992871506196e-04
6.180814886460401147e-04
6.151498200834510733e-04
6.091116230549907008e-04
6.045046707046078036e-04
6.030967077569297915e-04
6.006065401947052133e-04
5.946266283459475475e-04
5.890350988080781617e-04
5.869123668749390461e-04
5.849699110095031487e-04
5.794788372680036506e-04
5.729241496536263429e-04
5.695846339239417008e-04
5.680065682815585524e-04
5.635613346653700357e-04
5.564709567288663675e-04
5.514087564395609223e-04
5.495194618951468541e-04
5.465009042370019008e-04
5.398401580206709655e-04
5.329818103914677700e-04
5.296229096040934274e-04
5.276734596995278888e-04
5.226715664392665283e-04
5.149551960727536196e-04
5.090982571091625568e-04
5.066852750726580021e-04
5.038602426834195474e-04
4.973153367365739730e-04
4.893432503809215560e-04
4.843313134741003101e-04
4.821812012304916174e-04
4.784897052116535241e-04
4.710311866334145709e-04
4.629620961776683449e-04
4.582566588641731652e-04
4.560784547440064544e-04
4.519957758755987522e-04
4.441357509782404927e-04
4.357120279795542663e-04
4.306469458248195301e-04
4.283552570810625479e-04
4.245618387707376018e-04
4.168675970542576694e-04
4.077815477547842024e-04
4.015107648667811811e-04
3.987396479111636363e-04
3.958470681987532919e-04
3.893049201310313568e-04
3.798316137786745487e-04
3.714920201953379286e-04
3.670156222890557296e-04
3.647683886066569597e-04
3.606240935454855211e-04
3.524525264623578182e-04
3.423280172980602614e-04
3.342975860930706700e-04
3.302405571482973693e-04
3.280549080106429528e-04
3.237854791595288855e-04
3.154095466678957945e-04
3.046524589045664566e-04
2.953311486445332821e-04
2.899464633545352607e-04
2.875878586228759878e-04
2.847944023265022977e-04
2.784225351817817698e-04
2.680840831380354949e-04
2.563334820123802866e-04
2.466844457377530752e-04
2.410928136323849244e-04
2.386962131646886657e-04
2.365051889923094593e-04
2.313736740272116983e-04
2.218826211069584143e-04
2.090438708465016380e-04
1.955947350154761612e-04
1.844689739747299383e-04
1.773507476055235230e-04
1.739945858465874028e-04
1.724840569601934629e-04
1.701369777042208728e-04
1.645554788717165174e-04
1.543860476580693672e-04
1.395833424227889983e-04
1.212132959172335269e-04
1.009829006636484559e-04
8.071759648618213629e-05
6.195206665077904510e-05
4.570931176345901479e-05
3.246157277181549092e-05
2.221854672345384548e-05
1.467546437134730126e-05
9.365205218021628781e-06
5.780635209258146318e-06
3.454722302559365253e-06
2.000968357617785465e-06
1.124171573576663712e-06
6.131040045556000617e-07
3.248324670795549026e-07
1.673001068938456094e-07
8.381233812546417936e-08
4.086353804997981380e-08
1.939998852338978879e-08
8.972375211164461389e-09
4.044269884069316695e-09
1.777340706949465894e-09
7.618269069732860978e-10
3.185968251362409246e-10
1.300345699424194443e-10
5.181200140346063788e-11
2.015895363871520781e-11
7.660803357192522175e-12
2.844090169016462166e-12
1.031718171996720985e-12
3.657681543629418840e-13
1.267503424977626400e-13
4.293935555985767733e-14
1.422274545607253554e-14
4.606651303241288830e-15
1.459177176245509501e-15
4.520567044885206293e-16
1.369860259692512659e-16
4.060592605848419094e-17
1.177494718381969079e-17
3.340465086870030223e-18
9.271519883277830300e-19
2.517701742791441057e-19
6.689230029371196002e-20
1.738887851189940161e-20
4.422743157449510905e-21
1.100610817857294752e-21
2.679730474359369226e-22
6.383418409612234970e-23
1.487668595612607118e-23
3.391812779090864353e-24
7.564996744447225182e-25
1.650484777072238858e-25
3.522177314409029643e-26
7.351485841007489524e-27
1.500606503510139763e-27
2.995339995470976605e-28
5.846137698464590073e-29
1.115546634476006867e-29
2.080896337974002251e-30
3.794036087108367424e-31
6.760533572003705742e-32
1.177131690565666256e-32
2.002467579619402188e-33
3.327589393625820967e-34
5.400583713751268682e-35
8.558875483225664006e-36
1.324253902311901021e-36
1.999921354464282161e-37
2.947440805955313805e-38
4.238047862672403976e-39
5.943848433364980864e-40
8.129005439412882858e-41
1.083816045343863139e-41
1.408304374414113393e-42
1.782903911801009961e-43
2.198419106412149907e-44
2.639353262003756924e-45
3.084143856485541631e-46
3.506381936399807938e-47
3.877038070278707801e-48
4.167511030837328472e-49
4.353105157042638668e-50
4.416383437312310500e-51
4.349787788501169621e-52
4.156997226447309214e-53
3.852705761781518005e-54
3.460803547326952001e-55
3.011265694259545925e-56
2.536311633324696047e-57
2.066526877229600367e-58
1.627607349766029506e-59
1.238208520158125490e-60
9.091119688577670132e-62
6.436366973300988011e-63
4.389941842285739379e-64
2.881627432635287842e-65
1.818501012344537469e-66
1.102014404442869533e-67
6.405049007146319322e-69
3.565663967767964205e-70
1.898520889234999468e-71
9.653144666946853677e-73
4.679103852716339883e-74
2.158199447004810441e-75
9.453080069270691169e-77
3.923176703665204355e-78
1.538911520764550439e-79
5.689987420393074257e-81
1.976985287742120151e-82
6.432792571448918496e-84
1.952605391153140530e-85
5.504630328273559823e-87
1.433947685207906580e-88
3.431361646916970380e-90
7.490572996206206373e-92
1.479409508766415147e-93
2.617189478962454245e-95
4.096127626616912493e-97
5.583119545680649875e-99
6.492373326816117475e-101
6.262263498457320524e-103
4.809990112233941034e-105
2.758198977069092466e-107
1.049627424158493716e-109
1.988136217269577125e-112
