-1.288015711517356554e-01
-1.667232470639242181e-01
-1.509431455959739932e-01
-1.238309483679654044e-01
-9.904931009277148646e-02
-8.014499112701546635e-02
-6.715534975108836124e-02
-5.906158496017859666e-02
-5.470105797336300563e-02
-5.288855887986043669e-02
-5.254230396433922506e-02
-5.293341669534545185e-02
-5.361245928734893057e-02
-5.430118679902121853e-02
-5.485180313034244970e-02
-5.519768592588491368e-02
-5.533330525451143900e-02
-5.531630323714911701e-02
-5.520171500919805740e-02
-5.501109173796326496e-02
-5.475184957459783980e-02
-5.443742104638971818e-02
-5.405892639208115247e-02
-5.360388085980956341e-02
-5.305884704606617097e-02
-5.241043459470343113e-02
-5.165435760536127296e-02
-5.078977052707158574e-02
-4.981128534156266385e-02
-4.872747760067958067e-02
-4.755778530823494277e-02
-4.631496387655748004e-02
-4.499712395232951384e-02
-4.360886164493817108e-02
-4.215562411245735164e-02
-4.065340705685425993e-02
-3.910224554788495344e-02
-3.750110705515162512e-02
-3.585000417460441902e-02
-3.414762801484515914e-02
-3.239069922040305194e-02
-3.058868409812157824e-02
-2.875123373559083234e-02
-2.689110009918820737e-02
-2.501237488372753948e-02
-2.310914894315031776e-02
-2.117402497245277418e-02
-1.920965390265316416e-02
-1.722234401741086496e-02
-1.521951689164477775e-02
-1.320401319301313728e-02
-1.117748519082726981e-02
-9.142112451702027326e-03
-7.099663844786181094e-03
-5.054076482446557758e-03
-3.007011674240083442e-03
-9.593927134983727895e-04
1.088076932455198011e-03
3.133244625758777133e-03
5.173209171092083003e-03
7.201758216064295740e-03
9.215767187196407390e-03
1.121212351452841732e-02
1.319231457418396092e-02
1.515542401821405247e-02
1.710458648087622574e-02
1.903528252311750130e-02
2.094765793172556276e-02
2.283643250157516014e-02
2.470444411989892314e-02
2.654494925429637386e-02
2.836018568079777882e-02
3.014513669138905311e-02
3.190326326340119090e-02
3.362750389386696265e-02
3.532216480092972150e-02
3.698094729226478194e-02
3.860633292213179468e-02
4.019399631207094120e-02
4.174726904463679777e-02
4.326076886663390852e-02
4.473917046710100542e-02
4.617626439789093706e-02
4.757630481911487297e-02
4.893369436532535310e-02
5.025285315441758299e-02
5.152779839180673255e-02
5.276359328696778733e-02
5.395371373411830818e-02
5.510314781021496966e-02
5.620571802703727693e-02
5.726713128191825847e-02
5.828063642710404335e-02
5.925282664970447921e-02
6.017591050336898451e-02
6.105648006643091957e-02
6.188777816902236301e-02
6.267637071036169516e-02
6.341481859092953921e-02
6.411002790985217969e-02
6.475468312318996555e-02
6.535610286647622336e-02
6.590698707556373603e-02
6.641444491662701344e-02
6.687083959695344637e-02
6.728346150151426341e-02
6.764556544417944794e-02
6.796416553529338600e-02
6.823187057408322542e-02
6.845640731830283932e-02
6.863066694246715282e-02
6.876213211152173987e-02
6.884361051559963196e-02
6.888227871949381687e-02
6.887188347985102876e-02
6.881973385586834246e-02
6.871904831470440622e-02
6.857707793655556938e-02
6.838740560084473341e-02
6.815663804025400008e-02
6.787998576032691633e-02
6.756247853898018907e-02
6.719993561453545261e-02
6.679743019524181369e-02
6.635056675679126825e-02
6.586452301462497605e-02
6.533587302953271225e-02
6.476914227767062437e-02
6.416062487936573244e-02
6.351516786416633309e-02
6.282984474691502563e-02
6.210831233397001022e-02
6.134861709342889768e-02
6.055355950159688888e-02
5.972239291110961051e-02
5.885636649851658242e-02
5.795595410782461432e-02
5.702198750717742126e-02
5.605524361108455561e-02
5.505590225635934032e-02
5.402575633109234915e-02
5.296436549726415977e-02
5.187381756701883728e-02
5.075356598984073764e-02
4.960627202279813130e-02
4.842991764716016168e-02
4.722863767980303717e-02
4.599978545023206827e-02
4.474795645713218473e-02
4.346998944587510821e-02
4.217094054178634893e-02
4.084702877605486671e-02
3.950387730197928160e-02
3.813752207827066781e-02
3.675380239206216260e-02
3.534786813077633871e-02
3.392646313763456739e-02
3.248433893831121494e-02
3.102872050977616147e-02
2.955364111076177330e-02
2.806719387505145213e-02
2.656300495262420291e-02
2.504881915402733250e-02
2.351866190736741358e-02
2.198025426062957116e-02
2.042786122484540126e-02
1.886866268193559265e-02
1.729687135757559252e-02
1.572078594220734440e-02
1.413321927056986234e-02
1.254296719658605161e-02
1.094322720550447436e-02
9.341919550380040765e-03
7.733522180957902795e-03
6.124589320094251180e-03
4.510560969276216844e-03
2.897398318080014832e-03
1.280656007643872756e-03
-3.331993262944086534e-04
-1.949439473473953263e-03
-3.561048453710844754e-03
-5.173174081917405152e-03
-6.779874943675269841e-03
-8.384259262418486056e-03
-9.983237561640382479e-03
-1.157738989807984009e-02
-1.316518386628992565e-02
-1.474647044705470339e-02
-1.631986884228536078e-02
-1.788545988900969858e-02
-1.944195872115245943e-02
-2.098879542478781710e-02
-2.252606647152533351e-02
-2.405129021062028805e-02
-2.556640881245480709e-02
-2.706759994178500189e-02
-2.855805884748825046e-02
-3.003262303739466163e-02
-3.149556846264880972e-02
-3.294124075829477777e-02
-3.437431352133722695e-02
-3.578888139006365654e-02
-3.718948540359602595e-02
-3.857063155567484747e-02
-3.993700991271025708e-02
-4.128193574297435442e-02
-4.261221767135249527e-02
-4.391928532247407757e-02
-4.521079598585427128e-02
-4.647863901164647066e-02
-4.772918394148178978e-02
-4.895570059475080893e-02
-5.016407586025894288e-02
-5.134731904287075099e-02
-5.251169343944749046e-02
-5.365010306394284167e-02
-5.476891677267541059e-02
-5.586069219378902995e-02
-5.693233037116438716e-02
-5.797716599629462730e-02
-5.899953512526424221e-02
-5.999540976713362700e-02
-6.096883381547411884e-02
-6.191390733254051315e-02
-6.283604949446582044e-02
-6.373112589959890883e-02
-6.460081099607592470e-02
-6.544354645214599253e-02
-6.626077370801590483e-02
-6.705100779199429928e-02
-6.781412828134576742e-02
-6.855100238575886906e-02
-6.925989282736112751e-02
-6.994287548956198974e-02
-7.059692697948784235e-02
-7.122522646803425284e-02
-7.182380925838613428e-02
-7.239752752431045935e-02
-7.294096482472231524e-02
-7.345871987788654689e-02
-7.394595957308353062e-02
-7.440889281607554473e-02
-7.484077970780073086e-02
-7.524815974844922817e-02
-7.562423961607427081e-02
-7.597610152655842608e-02
-7.629621850035367414e-02
-7.659243947540761432e-02
-7.685783022081871252e-02
-7.709912214802924768e-02
-7.730979385100061885e-02
-7.749616553131213892e-02
-7.765186108655455777e-02
-7.778408531037404872e-02
-7.788611913773033080e-02
-7.796344585112269243e-02
-7.801199442779177540e-02
-7.803647428928239815e-02
-7.803203935174565786e-02
-7.800368072655408658e-02
-7.794804876025782092e-02
-7.786790085722368471e-02
-7.776116453154510721e-02
-7.762925454037286621e-02
-7.747293462286780619e-02
-7.729133743303664983e-02
-7.708584798834061669e-02
-7.685515929695006798e-02
-7.660251607688345343e-02
-7.632413460742587530e-02
-7.602412739588859658e-02
-7.569843913819204739e-02
-7.535324127909577563e-02
-7.498286831059600144e-02
-7.459361920625479092e-02
-7.417899041059031195e-02
-7.374611328180824543e-02
-7.328839382235541322e-02
-7.281440250686259386e-02
-7.231650046289764266e-02
-7.180160438415922330e-02
-7.126401270725249426e-02
-7.071046015018803144e-02
-7.013432063749819312e-02
-6.954326118056768091e-02
-6.893163032836591153e-02
-6.830466015245714728e-02
-6.765760345061944125e-02
-6.699665517695885253e-02
-6.631728526301791660e-02
-6.562352220136809244e-02
-6.491308342941359832e-02
-6.418826377072525680e-02
-6.344828891274671701e-02
-6.269406677052219434e-02
-6.192674019189466778e-02
-6.114547802778631108e-02
-6.035260319209156954e-02
-5.954561429031379749e-02
-5.872819948258482109e-02
-5.789690437601720946e-02
-5.705735221209567304e-02
-5.620408715412025108e-02
-5.534392467934883680e-02
-5.447057465571858437e-02
-5.359138351892871882e-02
-5.269987469963813287e-02
-5.180391092358919980e-02
-5.089693547725369915e-02
-4.998604569414964727e-02
-4.906429961815372831e-02
-4.813927253776127679e-02
-4.720477086223807961e-02
-4.626805333995456793e-02
-4.532343595799175756e-02
-4.437664629612493583e-02
-4.342330838573034424e-02
-4.246772561671842416e-02
-4.150757746853954433e-02
-4.054578492272555706e-02
-3.958105295664952200e-02
-3.861457049070517178e-02
-3.764642615339071352e-02
-3.667650496693519724e-02
-3.570711810517292195e-02
-3.473584333794489665e-02
-3.376675866359486744e-02
-3.279576257802309380e-02
-3.182841519337641090e-02
-3.085973930464003256e-02
-2.989614512848797964e-02
-2.893152742240213959e-02
-2.797323511993964756e-02
-2.701409420862163624e-02
-2.606221783904463796e-02
-2.511018140916308414e-02
-2.416594599052566961e-02
-2.322270065221906585e-02
-2.228764745015589591e-02
-2.135477690067735107e-02
-2.043022762649028545e-02
-1.950928950212344956e-02
-1.859667997452701255e-02
-1.768915886898836387e-02
-1.678969012728514371e-02
-1.589695946887065975e-02
-1.501191187354525974e-02
-1.413514386927160540e-02
-1.326593607836033632e-02
-1.240636751493204293e-02
-1.155408935070977375e-02
-1.071288156813537951e-02
-9.878759431268899910e-03
-9.056891288614272312e-03
-8.242053875582378356e-03
-7.440639488173526536e-03
-6.646079300351957764e-03
-5.865993844691037504e-03
-5.092902539405001414e-03
-4.334821430397957712e-03
-3.584361003938939770e-03
-2.849020967752177724e-03
-2.122099546257705423e-03
-1.410251019600313946e-03
-7.077850433983407484e-04
-1.995974328978513887e-05
6.571510526869633233e-04
1.320359047839849602e-03
1.971487310694496672e-03
2.609298759658381685e-03
3.234050328111508048e-03
3.845932146487121301e-03
4.443579351930218926e-03
5.029147264765250827e-03
5.599168589622948410e-03
6.157835600096770411e-03
6.700079237569404531e-03
7.231407982035835055e-03
7.745342717936922264e-03
8.249005779721575726e-03
8.734650016316531512e-03
9.210083316316921426e-03
9.667461822535781263e-03
1.011419332133868011e-02
1.054329853522734291e-02
1.096126164332481175e-02
1.136204652265362242e-02
1.175088784212599546e-02
1.212354106761649557e-02
1.248321202967031529e-02
1.282759711266899180e-02
1.315824091099372477e-02
1.347454093039311684e-02
1.377611055351445589e-02
1.406453692698855784e-02
1.433719688977591611e-02
1.459780512137082674e-02
1.484190128894758744e-02
1.507491167910347818e-02
1.529071643570960835e-02
1.549628750618033471e-02
1.568441525624797439e-02
1.586259088987041974e-02
1.602362749502663983e-02
1.617483291078657473e-02
1.630923777477023828e-02
1.643358181326343148e-02
1.654204041830677901e-02
1.663999944632467420e-02
1.672299920364454101e-02
1.679506792453077865e-02
1.685340452774949233e-02
1.689982706644358249e-02
1.693412541863408352e-02
1.695562876332572938e-02
1.696651966742342144e-02
1.696375580796228438e-02
1.695182124138342253e-02
1.692564515848646658e-02
1.689142249834330728e-02
1.684281462641633656e-02
1.678694792099347591e-02
1.671675508168267085e-02
1.663976967522552350e-02
1.654900471759590541e-02
1.645157187164487944e-02
1.634083851803302262e-02
1.622357304988732152e-02
1.609435049214433255e-02
1.595807239385078902e-02
1.581113490431231006e-02
1.565627506451944609e-02
1.549270660136795562e-02
1.532035764542248775e-02
1.514097030693498103e-02
1.495206860905459040e-02
1.475765484831300864e-02
1.455345566309668333e-02
1.434495810294497339e-02
1.412637229915439212e-02
1.390444601978529926e-02
1.367257474807671846e-02
1.343816540607108666e-02
1.319412091194946748e-02
1.294806801411753361e-02
1.269308164896354452e-02
1.243598438508395319e-02
1.217125570051389750e-02
1.190393388313569327e-02
1.163074543588595369e-02
1.135413103393421996e-02
1.107340703411595177e-02
1.078852759255363031e-02
1.050121330693001322e-02
1.020907240325656141e-02
9.916054648272155242e-03
9.617736020696284957e-03
9.319956993203527135e-03
9.016574840632032156e-03
8.714863499799876609e-03
8.407575203884231144e-03
8.102662146939117183e-03
7.792750767629515705e-03
7.485285649538295054e-03
7.173964265442795904e-03
6.864736397834086609e-03
6.553093456430431063e-03
6.242905648243543895e-03
5.931966481345399625e-03
5.621684288583186917e-03
5.312371422258833562e-03
5.002914894958098747e-03
4.696139114305431655e-03
4.388417495192855830e-03
4.084956192789962644e-03
3.780052571438489734e-03
3.480510674580204657e-03
3.179484136359263507e-03
2.884519321184238812e-03
2.588426175201415450e-03
2.298632026143498062e-03
2.008431759774787547e-03
1.724325544920431337e-03
1.441015192679610465e-03
1.163211463126124189e-03
8.877771355777963527e-04
6.167707941049423853e-04
3.499671148771415640e-04
8.646110588202851155e-05
-1.710978799617129985e-04
-4.262518852438532601e-04
-6.741056157389082497e-04
-9.200982745205673555e-04
-1.157754051789259067e-03
-1.393875422837857108e-03
-1.620894115761117599e-03
-1.846335901732473143e-03
-2.062469386084621239e-03
-2.276331806990599706e-03
-2.481445040977289795e-03
-2.682926194521132682e-03
-2.876727743471545976e-03
-3.065275765291977476e-03
-3.247293018788560172e-03
-3.422569892428051035e-03
-3.592277062193800947e-03
-3.753905039695502183e-03
-3.911000960869808613e-03
-4.058610727077589797e-03
-4.202669739832818295e-03
-4.336107508982531104e-03
-4.466508616857481004e-03
-4.585970986229469595e-03
-4.701957218532239711e-03
-4.807467472990725743e-03
-4.908661585592867527e-03
-5.000120402621754771e-03
-5.086234088839121197e-03
-5.163552129614199654e-03
-5.234190482475094275e-03
-5.297490157155559584e-03
-5.352346984245482872e-03
-5.401528321331602878e-03
-5.440763552208100796e-03
-5.475387319940150724e-03
-5.499248653994901620e-03
-5.519047736458680513e-03
-5.527640668560691514e-03
-5.532547472062996838e-03
-5.526155524729393226e-03
-5.515739351280184166e-03
-5.494861205076483762e-03
-5.468864973136594240e-03
-5.433769664049932849e-03
-5.392193816265366049e-03
-5.343015466965202187e-03
-5.286093428313986230e-03
-5.223003153475521722e-03
-5.150791906809588407e-03
-5.074013326729936990e-03
-4.986950050160437846e-03
-4.896303170182347668e-03
-4.794979502041470457e-03
-4.690445033491542556e-03
-4.575361153856290566e-03
-4.456993559622270638e-03
-4.328700078717910224e-03
-4.196477323309496903e-03
-4.055695413009706082e-03
-3.909605336381649990e-03
-3.756863231836101141e-03
-3.597356857973839014e-03
-3.432820386416416715e-03
-3.260421585241314070e-03
-3.084471069527934713e-03
-2.899625438159688078e-03
-2.712577362515118055e-03
-2.516043640287895979e-03
-2.317870136132266570e-03
-2.110570516204901721e-03
-1.901372264994925440e-03
-1.684055547611178032e-03
-1.464139924617293038e-03
-1.237540838110976968e-03
-1.007172698624286648e-03
-7.719137980767183660e-04
-5.315885027766206229e-04
-2.881699800334663929e-04
-3.848416982027715017e-05
2.125867611254400049e-04
4.709788281672895095e-04
7.294410085697738489e-04
9.954768509228340608e-04
1.261318124628616876e-03
1.533975925318797201e-03
1.806751888881055236e-03
2.085415851830740245e-03
2.364710717914593561e-03
2.648312340025075692e-03
2.934016579669399515e-03
3.221749828446971928e-03
3.513104483874617857e-03
3.804629847444883708e-03
4.100784705874049862e-03
4.395645101658997300e-03
4.695788720211467072e-03
4.993709400903587059e-03
5.296777452551229906e-03
5.597491652220249608e-03
5.902614285215180071e-03
6.205704266504063864e-03
6.511795259349317973e-03
6.817186769162941924e-03
7.123282995855253173e-03
7.430223325194018104e-03
7.736091501635592935e-03
8.043756244898135621e-03
8.348624847550091543e-03
8.656449498915391727e-03
8.960019671566434030e-03
9.266852214043799080e-03
9.568999335948234417e-03
9.873760921987172895e-03
1.017433512543757489e-02
1.047607995838513786e-02
1.077461696772388441e-02
1.107270315975331446e-02
1.136878118186236686e-02
1.166225938799515457e-02
1.195541875058107363e-02
1.224399343249093705e-02
1.253327116538210939e-02
1.281659102602529000e-02
1.310111960150774080e-02
1.337914085572365457e-02
1.365793497351030714e-02
1.393035779837787161e-02
1.420255366794646520e-02
1.446935649304876420e-02
1.473407221026923689e-02
1.499492329566544727e-02
1.525157216996129821e-02
1.550589073375794810e-02
1.575419643882518608e-02
1.600140942123211979e-02
1.624101659556494159e-02
1.648023586773900151e-02
1.671130010623818329e-02
1.694164176472046784e-02
1.716405369145126286e-02
1.738474266319803979e-02
1.759858222917509360e-02
1.780881272866857712e-02
1.801371849672840642e-02
1.821308296101262908e-02
1.840897780685405577e-02
1.859743101325222678e-02
1.878345483905952823e-02
1.896055786783489711e-02
1.913617012355977101e-02
1.930243972148523376e-02
1.946672262733866940e-02
1.962212558831295112e-02
1.977464430218622143e-02
1.991936116475023083e-02
2.005911381555910630e-02
2.019314715556269624e-02
2.032055282615940345e-02
2.044365008134190961e-02
2.055804648159377870e-02
2.066975455746787940e-02
2.077168865392427927e-02
2.087121047146589525e-02
2.096086582515440180e-02
2.104791392148358878e-02
2.112565213819311838e-02
2.119950047395649517e-02
2.126567659117690676e-02
2.132591306169142470e-02
2.138033322382142803e-02
2.142704368371985829e-02
2.146970648486704741e-02
2.150296055057801525e-02
2.153347664849153062e-02
2.155367465341877925e-02
2.157135909988117106e-02
2.157926968893927530e-02
2.158401149624108312e-02
2.157972578843541170e-02
2.157070667109205891e-02
2.155486352285726145e-02
2.153226108400145208e-02
2.150468921452380888e-02
2.146862643290678094e-02
2.142928222491099002e-02
2.138014849701072931e-02
2.132882019255677788e-02
2.126756341372922424e-02
2.120376514503010540e-02
2.113077457289473313e-02
2.105429261121057050e-02
2.097023288874148850e-02
2.088071002047326569e-02
2.078585166389904787e-02
2.068378952352147720e-02
2.057840238487716050e-02
2.046413544303139070e-02
2.034777331694350572e-02
2.022193818411473221e-02
2.009456510128029491e-02
1.995835345777863951e-02
1.981975940875731895e-02
1.967355519580429174e-02
1.952333765359444764e-02
1.936786375354291115e-02
1.920655384978719668e-02
1.904205611905546158e-02
1.887002282844545478e-02
1.869668304217937671e-02
1.851489673012708670e-02
1.833233744289579012e-02
1.814144208361581287e-02
1.794945284513958100e-02
1.775054348368339252e-02
1.754910492254167786e-02
1.734271701523901199e-02
1.713189157812558538e-02
1.691857690548810925e-02
1.669906852332383659e-02
1.647902471536220187e-02
1.625170384192904660e-02
1.602473327528604330e-02
1.579048934555456890e-02
1.555639514801849740e-02
1.531628110242470170e-02
1.507512066235620375e-02
1.482997679638873093e-02
1.458180311498899484e-02
1.433190921375965612e-02
1.407713284720094049e-02
1.382293630222527006e-02
1.356285934015138625e-02
1.330442164681303226e-02
1.303978372379741707e-02
1.277650314173962333e-02
1.250833716992028923e-02
1.224048116862153437e-02
1.196995709044594569e-02
1.169785073749004221e-02
1.142542629841657165e-02
1.114945073269717722e-02
1.087512593102154396e-02
1.059599724765356542e-02
1.031973792335905311e-02
1.003866027319754578e-02
9.760377368401337850e-03
9.478526587466142711e-03
9.198125665005957990e-03
8.916392486882399396e-03
8.634086271020973910e-03
8.352947435527979456e-03
8.069367579106794669e-03
7.789022456305469584e-03
7.505231397092777292e-03
7.225690680120354023e-03
6.942774725956196713e-03
6.663778535231024841e-03
6.382694148338525879e-03
6.104041091928914288e-03
5.825633414848729354e-03
5.547597067510980778e-03
5.272407982086620148e-03
4.995674679090053583e-03
4.723650278406490814e-03
4.449141814752930260e-03
4.180018678664441240e-03
3.908848022632673870e-03
3.642438852357468039e-03
3.375615069045798805e-03
3.111916027741965136e-03
2.850188446515191168e-03
2.589418642029490784e-03
2.333120540711918108e-03
2.075965999761676586e-03
1.824936148027550380e-03
1.572403722256883636e-03
1.326304583230861981e-03
1.079496828045839246e-03
8.379719855528609644e-04
5.977369449505868246e-04
3.608030093409304081e-04
1.276610488249367657e-04
-1.043303708799782847e-04
-3.302763665606128166e-04
-5.565506832429040424e-04
-7.755687420817816832e-04
-9.951452857202380646e-04
-1.207697957455144012e-03
-1.419530634495944511e-03
-1.626008690511563260e-03
-1.829413314937409487e-03
-2.029752110574736552e-03
-2.224522743727921307e-03
-2.418250131942494951e-03
-2.604569417475728187e-03
-2.790849871496909121e-03
-2.969195140952278923e-03
-3.147073571094578109e-03
-3.317963031248424149e-03
-3.486549350921588040e-03
-3.650287997526961096e-03
-3.809147948680887460e-03
-3.965566649499074545e-03
-4.114813908219139803e-03
-4.263266761847623980e-03
-4.403401690118628406e-03
-4.543040551714644382e-03
-4.674703703496168108e-03
-4.804640682562540122e-03
-4.928350623807183604e-03
-5.048024270799776614e-03
-5.163917007429006702e-03
-5.273259057130190094e-03
-5.381003606498669517e-03
-5.480434062085341382e-03
-5.579235829262143426e-03
-5.669497971752455318e-03
-5.758487977557314244e-03
-5.840306824508126674e-03
-5.918831789395813739e-03
-5.992560350600311010e-03
-6.060493889707176118e-03
-6.126041665409797179e-03
-6.183705805500201540e-03
-6.240542787849003882e-03
-6.288687326310148443e-03
-6.335991368734326945e-03
-6.375539976890422234e-03
-6.412599367149011444e-03
-6.444182112347724561e-03
-6.470736995527507154e-03
-6.494426618803538116e-03
-6.510813009987261729e-03
-6.526209204052679097e-03
-6.533160233645025732e-03
-6.539593221658665176e-03
-6.538060558882066546e-03
-6.534796399157491616e-03
-6.525642037946863434e-03
-6.512303105783167484e-03
-6.495828708887342422e-03
-6.472718137713168694e-03
-6.448649833249412919e-03
-6.416574719720881392e-03
-6.384335496129716833e-03
-6.344287756885930336e-03
-6.303222798348656966e-03
-6.256166394469093311e-03
-6.205830352869990026e-03
-6.152334542111469184e-03
-6.092923622338836803e-03
-6.032815559294222446e-03
-5.965212505380098132e-03
-5.897880241589069372e-03
-5.823100305269560822e-03
-5.747951129494495263e-03
-5.667038229871019898e-03
-5.583626454523662151e-03
-5.497245798391581575e-03
-5.405697928307570677e-03
-5.313826006676221000e-03
-5.215029967031568903e-03
-5.117090270976244401e-03
-5.012213246655306161e-03
-4.907607519311723426e-03
-4.797721370058491246e-03
-4.686046081611212714e-03
-4.571885337182963333e-03
-4.453261611300441715e-03
-4.334867110513852470e-03
-4.210178656380590689e-03
-4.086995836129307669e-03
-3.957486005640832930e-03
-3.828894515326897695e-03
-3.695686625607542443e-03
-3.561304885088039697e-03
-3.425160335128096291e-03
-3.285158523772523445e-03
-3.146125030340798500e-03
-3.001438787247265576e-03
-2.858988508391768595e-03
-2.710897117983241105e-03
-2.564346744751238444e-03
-2.414050252817628861e-03
-2.263040437072148890e-03
-2.111213983679464078e-03
-1.956039288108031918e-03
-1.802696933095139682e-03
-1.644280970644472050e-03
-1.488840531205417499e-03
-1.328554015421720344e-03
-1.170292374930453514e-03
-1.009318689059076875e-03
-8.479716838797107716e-04
-6.868878893832200232e-04
-5.228228095624154123e-04
-3.615853895275740297e-04
-1.958324036770895359e-04
-3.374793671492257478e-05
1.322482623817873158e-04
2.958929427322972480e-04
4.610865654600253575e-04
6.264569080424258179e-04
7.903301393123935478e-04
9.570077988305834490e-04
1.119823850775319377e-03
1.286556067166481909e-03
1.449121010690549403e-03
1.614554417062664384e-03
1.777459129179100907e-03
1.940605050397728720e-03
2.104016757558942446e-03
2.264543354922728298e-03
2.427734244252141051e-03
2.586187668553492722e-03
2.747866429467274094e-03
2.905050618220613758e-03
3.063954736718302492e-03
3.220474786587164406e-03
3.375725664406976044e-03
3.531534549476210427e-03
3.683174196184565985e-03
3.837319855581207938e-03
3.986027817768442866e-03
4.137202163372485225e-03
4.283847055073839935e-03
4.430812986547995325e-03
4.575909702687955098e-03
4.718149354218170895e-03
4.861304692741199793e-03
4.999166670701873580e-03
5.139340493085565488e-03
5.273668172353082780e-03
5.409472250477066410e-03
5.541205385078868534e-03
5.671639947460906626e-03
5.800949278426209728e-03
5.925901097179699095e-03
6.052177038858744078e-03
6.172254920969356615e-03
6.294251487708412557e-03
6.410540850978937652e-03
6.526926330122528874e-03
6.640113557682875145e-03
6.750326184019532320e-03
6.860325702886016334e-03
6.964566044208853751e-03
7.070412279172273717e-03
7.169729256736310716e-03
7.270109404020908168e-03
7.365469557424416010e-03
7.459308157830713340e-03
7.551200069275054542e-03
7.638394829254182422e-03
7.726290963011193599e-03
7.807522847044012088e-03
7.890242969723409647e-03
7.966750140593312907e-03
8.043010528987029270e-03
8.115585051473580419e-03
8.184829021739278149e-03
8.253580239363096996e-03
8.316166303554670819e-03
8.380082231266388487e-03
8.437182649812189836e-03
8.495014003205661815e-03
8.547723603559905306e-03
8.598437120168774678e-03
8.647293381623122333e-03
8.690979256078007475e-03
8.735410068010530243e-03
8.772919779187000194e-03
8.811749191110255022e-03
8.844523520494040197e-03
8.876590475315970785e-03
8.905454393884737474e-03
8.930335566510601633e-03
8.955240577906611182e-03
8.973704019728970943e-03
8.993683437227270594e-03
9.006999367323971495e-03
9.020583881566235362e-03
9.029892536558862745e-03
9.036574000278269070e-03
9.042371063813734247e-03
9.042349629292067981e-03
9.043690899361477714e-03
9.038365114923081062e-03
9.034263252035757558e-03
9.025018937784474310e-03
9.014182093787908787e-03
9.001560072978156968e-03
8.984243598381326523e-03
8.968096668689026080e-03
8.945381368672473271e-03
8.924334314696660136e-03
8.897674993199784083e-03
8.870650973479806203e-03
8.841082558262070359e-03
8.807782496260834620e-03
8.775231427772322429e-03
8.736600420675410053e-03
8.700041814633296955e-03
8.657572258566970450e-03
8.615682176228803626e-03
8.570702666385529578e-03
8.523090637590685636e-03
8.475852597279346506e-03
8.423087991235474886e-03
8.372602349903782853e-03
8.316236058835687478e-03
8.261308335850214152e-03
8.202825353591843699e-03
8.142632804060894597e-03
8.082473597438754459e-03
8.017497013742845569e-03
7.955003593589644872e-03
7.886780847458769311e-03
7.820650711121850812e-03
7.750737065159995186e-03
7.680039290997671755e-03
7.609181494385022088e-03
7.534239132917565709e-03
7.461898936907837565e-03
7.384071294610390634e-03
7.308887413610179982e-03
7.229830202800350755e-03
7.150775406467172260e-03
7.071421725851510451e-03
6.988647220365303003e-03
6.908631797030660368e-03
6.823485812965416134e-03
6.741503145202824843e-03
6.655715916373006538e-03
6.570615725812651436e-03
6.485217967154780459e-03
6.396989554325152247e-03
6.311692598937218221e-03
6.221605432234770389e-03
6.135094834977242520e-03
6.044932940628910956e-03
5.956004382766682918e-03
5.866895715646788800e-03
5.775459975849187196e-03
5.687182121132281117e-03
5.594471081110162156e-03
5.505723585994905071e-03
5.413561698765383123e-03
5.323074889293222950e-03
5.232643739381559814e-03
5.140275016360112623e-03
5.051369240434627934e-03
4.958349109203308638e-03
4.869629873680101674e-03
4.777801081682329226e-03
4.687949989091672563e-03
4.598499917187309424e-03
4.507366908224164775e-03
4.420043035940872042e-03
4.328873955595066193e-03
4.242294186038833397e-03
4.152964649803764056e-03
4.065781229628059705e-03
3.979455057712867269e-03
3.891555800844462894e-03
3.807882209140234491e-03
3.720593554494537863e-03
3.638104336680260571e-03
3.553319155598236648e-03
3.470682353773996316e-03
3.389452025384671191e-03
3.306643525129307828e-03
3.228483520652135862e-03
3.146915715273126881e-03
3.070264838047414950e-03
2.991826476389195834e-03
2.915386741433374611e-03
2.840999990635270298e-03
2.764898208107992653e-03
2.693877598914333829e-03
2.619665925380721457e-03
2.550355840154193421e-03
2.479867862615803623e-03
2.411063107867593511e-03
2.345028947837799436e-03
2.277049972614670400e-03
2.214542291612227320e-03
2.149084280663285038e-03
2.088362436560465586e-03
2.027184885928699342e-03
1.967172349073738769e-03
1.910717278842469008e-03
1.852030815084253950e-03
1.799103774213633771e-03
1.743563837793772999e-03
1.692377213243587402e-03
1.641603566463086016e-03
1.591330662926664259e-03
1.545403826745250916e-03
1.496944586763172391e-03
1.454377923796214408e-03
1.409687470747612512e-03
1.368704266110855675e-03
1.329133010249442708e-03
1.289251614084619031e-03
1.254458042839500138e-03
1.216927967530284649e-03
1.185149518121440641e-03
1.151941252686933086e-03
1.121547523322018181e-03
1.093669123690459155e-03
1.064586841090540276e-03
1.041180470268685595e-03
1.015022657028431200e-03
9.941420184912371297e-04
9.727742567458446711e-04
9.530505529764674499e-04
9.369770322459479613e-04
9.188761944342526636e-04
9.067550196112837083e-04
8.921522092712448702e-04
8.819580827404702519e-04
8.724752153564718565e-04
8.632923250428284692e-04
8.587979226882941613e-04
8.516513044766300337e-04
8.503751693642276144e-04
8.472654175337260589e-04
8.472968849208839526e-04
8.494063732571475534e-04
8.504333942781863200e-04
8.569635086080366285e-04
8.605456798729516597e-04
8.693584001850332031e-04
8.774535080139950639e-04
8.870445751230865514e-04
9.001434721549867162e-04
9.109414486196692638e-04
9.275513585153852226e-04
9.414999095121266834e-04
9.594562353526173018e-04
9.781616282194182874e-04
9.965449939011220264e-04
1.019676904660400153e-03
1.039704595661311961e-03
1.065201109269909739e-03
1.088959713945927572e-03
1.114916534360859031e-03
1.143322267059816754e-03
1.169700377053088268e-03
1.201544093457037384e-03
1.230187425988228190e-03
1.263143782832925428e-03
1.295893132826023836e-03
1.328704575482852774e-03
1.365552220904531124e-03
1.399149377775957140e-03
1.438103253630227101e-03
1.474633455825728658e-03
1.513554838640227430e-03
1.554181835037660728e-03
1.592776152140764354e-03
1.636418287317587851e-03
1.676455338166784811e-03
1.720719321746908524e-03
1.764173018273283017e-03
1.807607683891048313e-03
1.854598817606657995e-03
1.898042097480270992e-03
1.946560822757492735e-03
1.992232037874001709e-03
2.040019218258245799e-03
2.089150855892129861e-03
2.135880569326321921e-03
2.187346606321975001e-03
2.234848976716809644e-03
2.286163506417854610e-03
2.336461366619394311e-03
2.386183278263801812e-03
2.439297813529031026e-03
2.488400713308843402e-03
2.542176799474903104e-03
2.592962851025354225e-03
2.645152949955412516e-03
2.698744871600074549e-03
2.749215460450646093e-03
2.804240257141322502e-03
2.855049641481999158e-03
2.908913737862819839e-03
2.962000136564980034e-03
3.013514175818460608e-03
3.068561499881134347e-03
3.119047747586578372e-03
3.173629913957256524e-03
3.225475754745809470e-03
3.277525066084439453e-03
3.331482379332461469e-03
3.381380740607303152e-03
3.435619003332126241e-03
3.485691036512379454e-03
3.537627643197944344e-03
3.589547441904224374e-03
3.638539091727943913e-03
3.691353633644864525e-03
3.739253231657907808e-03
3.790292016134349726e-03
3.839417904053660409e-03
3.887085990420258586e-03
3.937479650157233411e-03
3.982933639327211096e-03
4.032213204760052433e-03
4.077970562686430642e-03
4.123851031829914998e-03
4.170944572053453432e-03
4.213649686019282914e-03
4.260312172395126426e-03
4.302305145927777866e-03
4.345824698527166532e-03
4.388916134267668683e-03
4.428612371284784341e-03
4.471823338992979291e-03
4.509746220295102713e-03
4.550296191663643838e-03
4.588810796176298959e-03
4.625180311994807163e-03
4.664208336593242410e-03
4.697821986213133322e-03
4.734782087642025461e-03
4.768323303295383259e-03
4.801027719284140308e-03
4.835256635366295616e-03
4.864387561285826375e-03
4.897167355686156756e-03
4.925438287950256386e-03
4.954125257712561556e-03
4.983078765129335050e-03
5.007558751924440742e-03
5.035624519205040769e-03
5.058441349806852214e-03
5.082737163693108046e-03
5.106039150718961334e-03
5.125723197579373433e-03
5.148624344845378897e-03
5.165871701043530349e-03
5.185453941305840156e-03
5.202870672931949811e-03
5.217623591033899999e-03
5.235022944249821328e-03
5.246668527243843541e-03
5.261256342240655699e-03
5.272657847567726978e-03
5.282375046505343591e-03
5.294033943612081773e-03
5.300074787863347583e-03
5.309453487319898413e-03
5.314821855354239649e-03
5.319429763981028264e-03
5.325209567504467049e-03
5.325691491504268293e-03
5.329712200674286554e-03
5.329080594624269890e-03
5.328549680651618534e-03
5.328446396883003595e-03
5.323464516002126418e-03
5.322074051209827600e-03
5.315579927188488277e-03
5.309924939852382272e-03
5.303996449283488943e-03
5.293686981171777210e-03
5.286925081264085349e-03
5.274740868686229704e-03
5.264013674566001694e-03
5.252406994229758680e-03
5.236917783761209366e-03
5.224866562666064668e-03
5.207223632310306952e-03
5.191557855022685755e-03
5.174509304342192820e-03
5.154045503207568824e-03
5.136881963434959675e-03
5.114065091563269223e-03
5.093620736917055247e-03
5.071380042654887767e-03
5.046182458662300599e-03
5.024155787214022902e-03
4.996454065434920502e-03
4.971462760510295641e-03
4.944388516035208569e-03
4.914721967406279583e-03
4.888131907170905656e-03
4.855912003468096025e-03
4.826658842717830578e-03
4.795127758539014309e-03
4.761300089864217190e-03
4.730513116025008603e-03
4.694154770953661016e-03
4.660959413925674227e-03
4.625411171005605789e-03
4.587774047118816853e-03
4.553202922636239228e-03
4.513132249062079548e-03
4.476353014726255561e-03
4.437248064017576370e-03
4.396176227149572492e-03
4.358248866930032432e-03
4.314896909847276002e-03
4.274929549495045181e-03
4.232762945674350616e-03
4.188650331373531405e-03
4.147842042272635588e-03
4.101694539420774888e-03
4.058959228777617514e-03
4.014256212642413127e-03
3.967549158855333304e-03
3.924364627784802072e-03
3.875918912373420202e-03
3.830858937338505344e-03
3.784170426317162023e-03
3.735306569274215310e-03
3.690244028946303330e-03
3.640026117960186089e-03
3.593072994538815991e-03
3.544942851318558762e-03
3.494386081879547780e-03
3.447942523213986307e-03
3.396491104655379161e-03
3.348095901676944198e-03
3.299097675534207533e-03
3.247335105688277206e-03
3.199994431994462180e-03
3.147863229314823950e-03
3.098465012906027709e-03
3.049140000041418355e-03
2.996651176714356171e-03
2.948883976858988898e-03
2.896640059559862923e-03
2.846662827613097649e-03
2.797559679391216705e-03
2.744861866582065570e-03
2.697104824110950570e-03
2.645323300180970564e-03
2.595189741530618509e-03
2.546816167395708763e-03
2.494417622913996935e-03
2.447063625199506504e-03
2.396325179674119697e-03
2.346437602550844551e-03
2.299246136229864644e-03
2.247681959321831680e-03
2.201069731893656733e-03
2.151919705122019334e-03
2.102689722129639539e-03
2.057085573660235797e-03
2.006907970313127204e-03
1.961344249608718525e-03
1.914301214507724714e-03
1.866152358408160183e-03
1.822483075927224536e-03
1.774255585084968511e-03
1.730015872106362932e-03
1.685565949319686643e-03
1.638918653282116179e-03
1.597419012840905952e-03
1.551701299034509126e-03
1.508998859831981332e-03
1.467526323158491099e-03
1.422858360972284551e-03
1.383688158232854008e-03
1.341042770731178720e-03
1.300136462984787357e-03
1.261943124177098904e-03
1.219775564419659213e-03
1.183021079246462937e-03
1.143943962771380978e-03
1.105088472280090633e-03
1.070339988789310425e-03
1.031213325787577479e-03
9.968821568006164778e-04
9.618042360866632624e-04
9.253239966462101446e-04
8.940289214997957940e-04
8.585217200250893580e-04
8.266110628188361696e-04
7.958048026803267189e-04
7.621181692558892488e-04
7.341561026865056974e-04
7.028114916461124023e-04
6.733675332786072734e-04
6.469338562660868243e-04
6.165430059774600589e-04
5.916942946137337218e-04
5.649728807269726455e-04
5.381184440119680078e-04
5.159387482636114105e-04
4.894347889442075611e-04
4.674171685008813529e-04
4.455892188650068799e-04
4.216235368183296277e-04
4.033559572828346968e-04
3.813128959697085520e-04
3.619129027627783100e-04
3.449990204115497509e-04
3.243797850980821595e-04
3.095198567539580504e-04
2.924283601723412919e-04
2.755925979359860568e-04
2.632933761572525916e-04
2.466442249795474349e-04
2.346398765471245716e-04
2.227383311711835694e-04
2.086951028053212560e-04
2.004084725658151025e-04
1.883621602124342718e-04
1.787895624944441423e-04
1.719532297550256856e-04
1.612063741873316202e-04
1.561331843105143104e-04
1.491810935956442222e-04
1.419160714676693624e-04
1.395732488161746275e-04
1.328331156722381253e-04
1.301960078922572263e-04
1.284514005691453928e-04
1.237915510199494979e-04
1.250206644987526458e-04
1.229905397766050182e-04
1.222910239639777327e-04
1.253356133398707457e-04
1.239632482954725534e-04
1.276795589718380630e-04
1.307397783806638211e-04
1.319868535800918148e-04
1.388376569950408894e-04
1.416084049612567110e-04
1.469416926447643130e-04
1.548530421547724735e-04
1.586385414558844499e-04
1.679881732179162933e-04
1.755351806906539462e-04
1.822010295124266543e-04
1.939994360701099096e-04
2.012865981036646146e-04
2.119316179726825756e-04
2.242147212957038883e-04
2.326884584325330835e-04
2.468790255456340004e-04
2.585180761508984199e-04
2.698959933719430023e-04
2.859778248607042933e-04
2.973149525621980854e-04
3.124123150994883615e-04
3.285458285921339988e-04
3.410419537105796833e-04
3.592596166716923453e-04
3.745146311868650349e-04
3.897349775889317135e-04
4.094206947930435943e-04
4.242139102821353125e-04
4.428305304973872980e-04
4.622666301514064468e-04
4.779930477347544247e-04
4.993757518347073741e-04
5.176968224817274714e-04
5.358041202876294342e-04
5.583812183704980545e-04
5.759546789364901938e-04
5.970918635981494870e-04
6.192272943592693531e-04
6.373210922388196017e-04
6.609569484584521632e-04
6.817574009929661116e-04
7.017522724766388394e-04
7.264668642460206079e-04
7.461419320259725374e-04
7.687556437853686371e-04
7.929670917854456710e-04
8.125950285134077213e-04
8.374992243912658891e-04
8.602030630035807906e-04
8.810996395053737745e-04
9.070941826166594238e-04
9.282485871855106164e-04
9.512685738457277856e-04
9.768562423244221520e-04
9.972844161829561276e-04
1.022398850271614068e-03
1.046437129471013226e-03
1.067349105546654088e-03
1.093664789493283300e-03
1.115789319673951650e-03
1.138182459964753521e-03
1.164358132499141319e-03
1.185038568032551788e-03
1.209229155400375543e-03
1.234016357747744295e-03
1.254269630035787127e-03
1.279783752392012024e-03
1.302475863172737917e-03
1.323363405783897946e-03
1.349141818807361205e-03
1.369774314571985032e-03
1.391952271168922072e-03
1.416761519012885292e-03
1.436007846998109232e-03
1.459482756692146669e-03
1.482335981080837219e-03
1.501160210796237968e-03
1.525305521015206476e-03
1.545780102897872151e-03
1.565071743244840800e-03
1.588870320370993228e-03
1.607146860914348760e-03
1.627369289600942440e-03
1.649751176172878017e-03
1.666497989508846245e-03
1.687575005544324084e-03
1.707733484630987808e-03
1.723806283329535000e-03
1.745159310185669284e-03
1.762760100860645725e-03
1.778923839192198984e-03
1.799666036184621818e-03
1.814852114885904220e-03
1.831535653889132097e-03
1.850756447478871507e-03
1.864081742731221432e-03
1.881287623049749530e-03
1.898253065356060327e-03
1.910439973250027549e-03
1.927771469392749928e-03
1.942111424300578884e-03
1.953861845056486038e-03
1.970642958719297407e-03
1.982357317316781921e-03
1.994156354458332010e-03
2.009627753920621186e-03
2.019060298201090162e-03
2.031087477413880994e-03
2.044566219403805719e-03
2.052272099363226798e-03
2.064398916268276804e-03
2.075412984464655632e-03
2.081994984471413016e-03
2.093825251795555439e-03
2.102183736938206295e-03
2.108191438302930987e-03
2.119187223294152506e-03
2.124958789743991265e-03
2.130756049593036418e-03
2.140343479156936631e-03
2.143826219056517435e-03
2.149571726605319175e-03
2.157244490354526083e-03
2.158866171174970636e-03
2.164505074564662332e-03
2.169897801122661757e-03
2.170130641270777080e-03
2.175435677315036391e-03
2.178360943801305183e-03
2.177648167280306270e-03
2.182283336462048466e-03
2.182729306843816421e-03
2.181427455115363904e-03
2.185019977814401347e-03
2.183126848281474221e-03
2.181463148617720799e-03
2.183646801626951042e-03
2.179669113748102915e-03
2.177759782301337890e-03
2.178233361058593952e-03
2.172474765166949526e-03
2.170307305494932528e-03
2.168855206124733516e-03
2.161651003750688672e-03
2.159139960026962898e-03
2.155646041534638353e-03
2.147305288600170198e-03
2.144298592026137960e-03
2.138736355733476119e-03
2.129529237702471219e-03
2.125853810776596499e-03
2.118281049018006304e-03
2.108425983589752323e-03
2.103910662136223957e-03
2.094449031811004315e-03
2.084110517291447220e-03
2.078604165891155802e-03
2.067407326592594820e-03
2.056684582987669888e-03
2.050067414918587370e-03
2.037319145786401723e-03
2.026273457168492609e-03
2.018466531982504066e-03
2.004354725309541452e-03
1.993012054354898789e-03
1.983979828578403236e-03
1.968691747515086132e-03
1.957059898459402505e-03
1.946804458674091225e-03
1.930504179458328176e-03
1.918569116981526206e-03
1.907127116136238861e-03
1.889966930423811432e-03
1.877714374146677995e-03
1.865151523699328483e-03
1.847265742571771062e-03
1.834686527695306157e-03
1.821089498789367576e-03
1.802586636202574899e-03
1.789671971340296231e-03
1.775140089222256891e-03
1.756107946389284021e-03
1.742857710927498728e-03
1.727505991808657177e-03
1.708023090667512697e-03
1.694451837332315060e-03
1.678403902368258210e-03
1.658531896522687666e-03
1.644658225292796802e-03
1.628040781500323959e-03
1.607832689375171108e-03
1.593685167085182779e-03
1.576627793107080594e-03
1.556124850428970176e-03
1.541734597778642024e-03
1.524373552909295045e-03
1.503618565027400921e-03
1.489017615637371192e-03
1.471480628033264119e-03
1.450503287051378015e-03
1.435720541010486332e-03
1.418145817845494882e-03
1.396987370511468003e-03
1.382048692925276923e-03
1.364568285566384372e-03
1.343266783199628060e-03
1.328189263956350719e-03
1.310942023365901498e-03
1.289550915348983227e-03
1.274340936421178554e-03
1.257459144000941647e-03
1.236039472044630572e-03
1.220686329851213741e-03
1.204297305889905426e-03
1.182930491214421358e-03
1.167408858315873441e-03
1.151627463759902995e-03
1.130415610424625192e-03
1.114683694870835778e-03
1.099607758617678717e-03
1.078683527300785270e-03
1.062687845389999634e-03
1.048386316348797528e-03
1.027916013950594398e-03
1.011602421317938120e-03
9.981086405092857387e-04
9.782920153888060785e-04
9.616087187948555316e-04
9.488991178409997718e-04
9.299644794463250101e-04
9.128848203596227721e-04
9.008740161184380403e-04
8.830692064311315183e-04
8.656106195879580351e-04
8.541437788874650747e-04
8.377217796139714004e-04
8.199751652951251576e-04
8.088263192771217875e-04
7.940060219551307343e-04
7.761504919293211449e-04
7.650366876597045410e-04
7.519755121556987061e-04
7.343089323301343506e-04
7.229241737114978830e-04
7.116639028670729544e-04
6.945912128079606432e-04
6.826454641723105673e-04
6.730662751758914554e-04
6.570863921763015012e-04
6.443847961969579891e-04
6.361792186974273098e-04
6.218304204677843703e-04
6.083506555581831652e-04
6.010231212120811795e-04
5.887962257478407142e-04
5.747629631984370628e-04
5.676731083686163649e-04
5.578843327001574903e-04
5.438007323984731314e-04
5.362662099194284975e-04
5.289328500561064211e-04
5.155600394519425575e-04
5.070236557207554720e-04
5.017745146820583356e-04
4.900214938918330196e-04
4.802446043420987220e-04
4.763047857069596571e-04
4.670163969897896225e-04
4.562437343624529571e-04
4.525465723954116815e-04
4.462296424945988915e-04
4.352588331511092999e-04
4.307105160207411665e-04
4.272711624663949473e-04
4.173402525433167563e-04
4.112000288685054798e-04
4.098121560639058974e-04
4.022582036041034764e-04
3.945122253689552346e-04
3.937471016126871870e-04
3.894998020315770218e-04
3.810505284174294611e-04
3.793181816081276953e-04
3.783987330879988388e-04
3.708961479473992938e-04
3.671180875293569628e-04
3.684033776959280302e-04
3.636415483432880362e-04
3.578890256991226954e-04
3.593885542029646432e-04
3.584223328593243098e-04
3.521461626145996958e-04
3.518555889188671620e-04
3.542378992592039701e-04
3.497575297513871992e-04
3.468004285752547934e-04
3.505016711226055927e-04
3.497888916228781425e-04
3.451881966379770220e-04
3.475159664398919362e-04
3.508359391781281961e-04
3.472310892856868454e-04
3.464861337017351378e-04
3.518356529652953810e-04
3.519442898622753262e-04
3.488364946983042855e-04
3.529269824313886706e-04
3.574812742555017603e-04
3.550538795670145765e-04
3.556317923958265503e-04
3.623654810847284956e-04
3.639156363861210204e-04
3.618312912246622365e-04
3.668221144460088144e-04
3.730332162898704991e-04
3.720366791635051798e-04
3.729378619824125825e-04
3.807186178511553793e-04
3.844054755892965585e-04
3.829852772398532196e-04
3.877930286175571548e-04
3.958932127857504174e-04
3.969269698088453459e-04
3.972588024986213715e-04
4.051840513321708836e-04
4.117024917239041175e-04
4.112723501450484963e-04
4.145503044925666521e-04
4.239651624339530584e-04
4.281545515904202378e-04
4.278001503607691816e-04
4.340789604859156964e-04
4.434157082772527208e-04
4.455088284511567469e-04
4.464045361028995580e-04
4.549944345627880585e-04
4.632336918749265604e-04
4.639428909824138900e-04
4.666345585032764549e-04
4.766090010417423388e-04
4.833474046112965264e-04
4.834146938124878122e-04
4.879004049182024709e-04
4.984555008104749833e-04
5.037331316961441395e-04
5.036745918744380945e-04
5.096216587850061798e-04
5.202380487148311212e-04
5.243261372825875136e-04
5.243616242184220583e-04
5.312974513022555682e-04
5.417411671097959337e-04
5.449831547085415197e-04
5.450757654283154650e-04
5.524981793180859958e-04
5.627492875639481060e-04
5.654947542200886631e-04
5.654450397525045968e-04
5.728631516272737322e-04
5.830308004882056756e-04
5.856372677453111283e-04
5.851655674665272311e-04
5.920493127675272461e-04
6.022570015596817768e-04
6.051440012802232742e-04
6.040268962551230891e-04
6.097778948847768898e-04
6.200396825953664783e-04
6.237164727646044449e-04
6.219122320533740931e-04
6.258275177488351482e-04
6.358718038993211186e-04
6.409265025347466675e-04
6.388023205129401364e-04
6.402032712598989790e-04
6.492747050080202023e-04
6.561523761169569310e-04
6.546350782989235340e-04
6.531734228355954783e-04
6.599242762518644752e-04
6.684803727445888261e-04
6.690381964713160504e-04
6.652883215696369030e-04
6.680485275386203970e-04
6.768914289552688691e-04
6.809071660607001484e-04
6.769361656364654249e-04
6.747497978233669286e-04
6.809650796686028337e-04
6.883061107425460668e-04
6.873897941015036850e-04
6.817028626457262951e-04
6.820099226063670861e-04
6.894509213923325289e-04
6.938306362956011587e-04
6.893407656789824400e-04
6.833523379031311747e-04
6.852312126961487924e-04
6.923808756548811057e-04
6.941529964319197946e-04
6.874116483118435225e-04
6.809811782887678546e-04
6.829812749719230917e-04
6.894112397957983607e-04
6.898189094732087943e-04
6.817026339254189530e-04
6.738153277822873412e-04
6.743348180498188148e-04
6.800749152643764629e-04
6.807612149839109865e-04
6.723017325597692873e-04
6.618840343784965306e-04
6.588643038870250265e-04
6.632455283960910115e-04
6.658016726613502764e-04
6.591848841470603028e-04
6.464910875976386841e-04
6.375281547006711631e-04
6.376133808482890852e-04
6.417444459125393966e-04
6.402339760399346734e-04
6.291501611992076064e-04
6.143191265850253373e-04
6.051364676221083951e-04
6.050408211262049479e-04
6.082630117734433859e-04
6.055864922974412822e-04
5.930823513302439613e-04
5.755657989734390542e-04
5.620488201035125485e-04
5.577720053431647115e-04
5.598764449148633648e-04
5.600073935876238168e-04
5.511624004131017700e-04
5.330544433686146451e-04
5.120667671252308916e-04
4.963595037548362756e-04
4.900882879161976794e-04
4.907791966611967658e-04
4.912305018922009199e-04
4.841999602597448654e-04
4.666833311569962110e-04
4.413516066749308153e-04
4.147473446832370628e-04
3.936770880199486891e-04
3.819012538784166363e-04
3.786519000402846285e-04
3.793185098709558022e-04
3.775898533723878433e-04
3.678869736934126762e-04
3.470980500546783413e-04
3.151595871660643278e-04
2.745805237182081409e-04
2.293467891263587227e-04
1.837138973677714614e-04
1.412651721065191508e-04
1.044041583794873664e-04
7.426449912474083874e-05
5.091156464756256702e-05
3.368142842756231196e-05
2.152958100899012245e-05
1.331203988186776738e-05
7.970230410961516576e-06
4.625189364556249238e-06
2.603754266288476415e-06
1.423078643911170397e-06
7.556711413157932051e-07
3.901226376852933680e-07
1.959288997557520293e-07
9.577830876978587644e-08
4.559625282590514080e-08
2.114891404964347809e-08
9.561604873652098490e-09
4.215304330876421606e-09
1.812759467749100695e-09
7.606930560089436760e-10
3.115802569223810012e-10
1.246074473312449703e-10
4.866806154396950337e-11
1.856834576854538621e-11
6.921911285039791055e-12
2.521674343210092975e-12
8.979272135702739678e-13
3.125751164880174397e-13
1.063883696830681436e-13
3.540947561573539946e-14
1.152613285616215509e-14
3.669730035131659868e-15
1.142913139396001247e-15
3.482235144123923270e-16
1.038008680380213523e-16
3.027397666160061622e-17
8.639460218523903584e-18
2.412520923766409420e-18
6.592306214300542695e-19
1.762770655882314645e-19
4.612673937197684593e-20
1.181165178963663869e-20
2.959838701370569706e-21
7.258047481838534837e-22
1.741634500489160109e-22
4.089470807736048943e-23
9.395802189887980761e-24
2.112211652005555062e-24
4.645734271854882110e-25
9.996721541946000732e-26
2.104342583157556201e-26
4.333078914162810931e-27
8.726901797568952429e-28
1.718957942352748913e-28
3.311057197090749722e-29
6.236130469103769324e-30
1.148306261160146335e-30
2.066985018153212226e-31
3.636578735237421759e-32
6.252585516139684766e-33
1.050432049581557512e-33
1.724028092845714478e-34
2.763825885052240951e-35
4.326974225698827425e-36
6.614207110973597950e-37
9.869582207448770474e-38
1.437307794669779982e-38
2.042340037385823659e-39
2.830904863147754916e-40
3.826726066429673796e-41
5.043293515083504603e-42
6.478276221053344964e-43
8.108303198196151687e-44
9.885207614445270646e-45
1.173490494449839768e-45
1.355989322453558150e-46
1.524588589305675033e-47
1.667235384388610916e-48
1.772588954749428015e-49
1.831451048785539090e-50
1.838051607160746921e-51
1.790948628721961331e-52
1.693354018094191321e-53
1.552798745480640349e-54
1.380179011650671065e-55
1.188349135335755384e-56
9.905148667554294612e-58
7.987103246696558873e-59
6.226066414160033387e-60
4.688126751827702457e-61
3.407136645231361998e-62
2.387835241153790580e-63
1.612271145264303207e-64
1.047748113590151873e-65
6.546300881137752621e-67
3.927862670061362988e-68
2.260481650213809095e-69
1.246094551307254459e-70
6.570224874041228411e-72
3.308337617994585943e-73
1.588186175122614831e-74
7.255198066720122175e-76
3.147537750998969445e-77
1.293886086905938379e-78
5.027507674605076567e-80
1.841413771498474939e-81
6.338176086331658311e-83
2.043152177779681001e-84
6.144339605478846905e-86
1.716198203878275578e-87
4.429654883526965502e-89
1.050313315340850863e-90
2.271964103256057328e-92
4.446587993144417026e-94
7.795491339820193629e-96
1.209119441978998326e-97
1.633342942830552723e-99
1.882460104472672423e-101
1.799667925920307221e-103
1.370126471285604507e-105
7.787785615065893072e-108
2.937729272514146467e-110
5.516035273180553966e-113
